
<!-- AI_VECTORIZED_FILE: Clean vectorized result, no background removal needed -->
<svg data-crop-extracted="true" xmlns="http://www.w3.org/2000/svg" version="1.1" viewBox="0.00 0.00 538.00 605.00" data-ai-vectorized="true">
    <path  vector-effect="non-scaling-stroke" d="
  M 233.51 472.93
  Q 236.89 472.67 238.95 471.70
  Q 249.13 466.93 255.47 457.13
  C 266.03 440.79 269.88 422.86 268.44 403.23
  Q 267.44 389.65 264.55 377.01
  A 0.32 0.32 0.0 0 0 263.95 376.95
  C 258.90 388.05 249.97 401.39 238.83 407.11
  A 0.79 0.79 0.0 0 1 237.77 406.79
  Q 227.31 387.72 210.09 374.91
  Q 194.37 363.21 176.67 354.79
  A 0.02 0.02 0.0 0 1 176.68 354.75
  L 193.35 354.75
  A 0.39 0.39 0.0 0 0 193.74 354.36
  L 193.74 347.15
  A 0.42 0.41 90.0 0 0 193.33 346.73
  L 181.33 346.73
  A 0.58 0.58 0.0 0 1 180.75 346.15
  L 180.75 337.11
  A 0.61 0.61 0.0 0 1 181.36 336.50
  L 193.26 336.50
  A 0.48 0.47 -0.0 0 0 193.74 336.03
  L 193.74 329.25
  A 0.52 0.52 0.0 0 0 193.22 328.73
  L 181.15 328.73
  A 0.40 0.40 0.0 0 1 180.75 328.33
  L 180.75 322.13
  A 0.38 0.37 -90.0 0 1 181.12 321.75
  L 193.21 321.75
  A 0.52 0.52 0.0 0 0 193.73 321.23
  L 193.73 314.26
  A 0.53 0.53 0.0 0 0 193.20 313.73
  L 173.84 313.73
  A 0.35 0.35 0.0 0 0 173.49 314.08
  L 173.49 354.02
  A 1.06 1.04 -65.1 0 0 173.73 354.69
  Q 174.29 355.38 174.56 355.93
  Q 181.65 370.17 184.05 384.73
  C 185.93 396.13 183.07 407.36 180.32 418.05
  Q 175.18 438.10 182.80 457.94
  Q 185.48 464.90 193.04 471.36"
/>
    <path  vector-effect="non-scaling-stroke" d="
  M 230.68 473.12
  Q 220.45 460.02 219.02 443.48
  C 217.74 428.58 216.78 416.85 211.67 404.36
  Q 200.03 375.92 176.88 356.13
  A 0.01 0.01 0.0 0 0 176.86 356.13
  L 176.49 356.42
  A 0.11 0.10 -43.2 0 0 176.48 356.58
  Q 180.10 360.02 183.69 364.84
  C 196.77 382.40 207.14 406.33 206.41 428.51
  Q 206.05 439.52 206.52 448.68
  Q 207.20 461.75 212.64 473.39"
/>
    <path  vector-effect="non-scaling-stroke" d="
  M 436.36 235.22
  L 430.39 235.19
  A 1.24 1.22 79.0 0 1 429.25 234.41
  Q 418.52 206.92 424.71 177.88
  C 430.20 152.13 435.27 133.03 433.62 109.45
  C 431.07 72.84 419.90 37.97 399.91 7.23
  A 0.15 0.15 0.0 0 0 399.70 7.18
  L 399.69 7.18
  A 0.16 0.14 65.6 0 0 399.63 7.37
  Q 421.54 55.36 418.94 107.99
  C 418.30 121.08 415.76 132.77 411.86 144.40
  Q 407.24 158.19 402.49 173.56
  Q 394.16 200.46 398.60 227.53"
/>
    <path  vector-effect="non-scaling-stroke" d="
  M 89.01 328.76
  A 0.50 0.50 0.0 0 1 88.51 328.26
  L 88.51 322.01
  A 0.50 0.50 0.0 0 1 89.01 321.51
  L 99.22 321.51
  A 0.50 0.50 0.0 0 0 99.72 321.01
  L 99.72 314.24
  A 0.50 0.50 0.0 0 0 99.22 313.74
  L 81.76 313.74
  A 0.50 0.50 0.0 0 0 81.26 314.24
  L 81.26 354.25
  A 0.50 0.50 0.0 0 0 81.76 354.75
  L 88.00 354.75
  A 0.50 0.50 0.0 0 0 88.50 354.25
  L 88.50 336.98
  A 0.50 0.50 0.0 0 1 89.00 336.48
  L 99.22 336.48
  A 0.50 0.50 0.0 0 0 99.72 335.98
  L 99.72 329.26
  A 0.50 0.50 0.0 0 0 99.22 328.76
  L 89.01 328.76"
/>
    <path  vector-effect="non-scaling-stroke" d="
  M 121.26 337.80
  A 0.28 0.28 0.0 0 1 121.79 337.68
  L 129.89 354.54
  A 0.37 0.36 -12.9 0 0 130.22 354.74
  L 137.74 354.74
  A 0.14 0.14 0.0 0 0 137.86 354.54
  L 129.52 337.18
  A 0.65 0.65 0.0 0 1 129.85 336.30
  Q 136.16 333.59 136.03 325.55
  C 135.91 318.16 132.35 314.41 125.01 313.94
  Q 119.89 313.61 114.87 313.76
  A 0.65 0.64 -0.9 0 0 114.24 314.40
  L 114.24 354.34
  A 0.41 0.41 0.0 0 0 114.65 354.75
  L 120.91 354.75
  A 0.35 0.35 0.0 0 0 121.26 354.40
  L 121.26 337.80"
/>
    <path  vector-effect="non-scaling-stroke" d="
  M 157.75 314.13
  A 0.39 0.39 0.0 0 0 157.36 313.74
  L 151.14 313.74
  A 0.39 0.39 0.0 0 0 150.75 314.13
  L 150.75 354.35
  A 0.39 0.39 0.0 0 0 151.14 354.74
  L 157.36 354.74
  A 0.39 0.39 0.0 0 0 157.75 354.35
  L 157.75 314.13"
/>
    <path  vector-effect="non-scaling-stroke" d="
  M 219.68 336.08
  Q 229.44 352.86 230.32 354.27
  A 1.13 1.11 73.9 0 0 231.27 354.80
  L 236.87 354.80
  A 0.63 0.62 90.0 0 0 237.49 354.17
  L 237.49 314.12
  A 0.35 0.35 0.0 0 0 237.14 313.77
  L 230.59 313.77
  A 0.36 0.35 90.0 0 0 230.24 314.13
  L 230.24 339.31
  A 0.18 0.18 0.0 0 1 229.91 339.40
  Q 227.49 335.37 225.81 332.48
  Q 216.05 315.70 215.17 314.29
  A 1.13 1.11 73.9 0 0 214.22 313.76
  L 208.62 313.76
  A 0.63 0.62 90.0 0 0 208.00 314.39
  L 208.00 354.44
  A 0.35 0.35 0.0 0 0 208.35 354.79
  L 214.90 354.79
  A 0.36 0.35 -90.0 0 0 215.25 354.43
  L 215.25 329.25
  A 0.18 0.18 0.0 0 1 215.58 329.16
  Q 217.99 333.19 219.68 336.08"
/>
    <path  vector-effect="non-scaling-stroke" d="
  M 253.54 314.25
  L 253.46 354.47
  A 0.39 0.39 0.0 0 0 253.85 354.87
  L 265.79 354.89
  A 18.08 16.85 -89.9 0 0 282.68 336.84
  L 282.68 332.00
  A 18.08 16.85 -89.9 0 0 265.87 313.89
  L 253.93 313.87
  A 0.39 0.39 0.0 0 0 253.54 314.25"
/>
    <path  vector-effect="non-scaling-stroke" d="
  M 304.94 347.00
  A 0.43 0.43 0.0 0 1 304.51 346.57
  L 304.51 314.16
  A 0.43 0.43 0.0 0 0 304.08 313.73
  L 297.68 313.73
  A 0.43 0.43 0.0 0 0 297.25 314.16
  L 297.25 354.33
  A 0.43 0.43 0.0 0 0 297.68 354.76
  L 314.07 354.76
  A 0.43 0.43 0.0 0 0 314.50 354.33
  L 314.50 347.43
  A 0.43 0.43 0.0 0 0 314.07 347.00
  L 304.94 347.00"
/>
    <path  vector-effect="non-scaling-stroke" d="
  M 339.37 354.75
  Q 342.03 354.75 342.43 354.69
  A 0.69 0.69 0.0 0 0 343.00 354.01
  L 343.02 338.39
  A 5.61 5.55 -32.8 0 1 343.54 336.04
  L 353.84 313.99
  A 0.17 0.17 0.0 0 0 353.69 313.75
  L 346.47 313.75
  A 0.44 0.43 -76.8 0 0 346.08 314.00
  Q 343.12 320.13 340.14 326.68
  Q 339.68 327.69 339.41 327.69
  Q 339.14 327.68 338.69 326.68
  Q 335.73 320.12 332.79 313.98
  A 0.44 0.43 77.0 0 0 332.40 313.73
  L 325.18 313.71
  A 0.17 0.17 0.0 0 0 325.03 313.94
  L 335.26 336.03
  A 5.61 5.55 33.0 0 1 335.77 338.38
  L 335.74 354.00
  A 0.69 0.69 0.0 0 0 336.31 354.68
  Q 336.72 354.75 339.37 354.75"
/>
    <path  vector-effect="non-scaling-stroke" d="
  M 121.31 321.94
  L 121.19 329.36
  A 0.35 0.35 0.0 0 0 121.54 329.71
  L 124.54 329.76
  A 4.43 3.78 0.9 0 0 129.03 326.05
  L 129.03 325.49
  A 4.43 3.78 0.9 0 0 124.66 321.64
  L 121.66 321.59
  A 0.35 0.35 0.0 0 0 121.31 321.94"
/>
    <path  vector-effect="non-scaling-stroke" d="
  M 260.75 322.09
  L 260.75 346.69
  A 0.43 0.43 0.0 0 0 261.18 347.12
  L 264.95 347.12
  A 10.86 10.52 -90.0 0 0 275.47 336.26
  L 275.47 332.52
  A 10.86 10.52 90.0 0 0 264.95 321.66
  L 261.18 321.66
  A 0.43 0.43 0.0 0 0 260.75 322.09"
/>
    <path fill="#98ac23" d="
  M 436.36 235.22
  L 430.39 235.19
  A 1.24 1.22 79.0 0 1 429.25 234.41
  Q 418.52 206.92 424.71 177.88
  C 430.20 152.13 435.27 133.03 433.62 109.45
  C 431.07 72.84 419.90 37.97 399.91 7.23
  A 0.15 0.15 0.0 0 0 399.70 7.18
  L 399.69 7.18
  A 0.16 0.14 65.6 0 0 399.63 7.37
  Q 421.54 55.36 418.94 107.99
  C 418.30 121.08 415.76 132.77 411.86 144.40
  Q 407.24 158.19 402.49 173.56
  Q 394.16 200.46 398.60 227.53
  L 399.84 233.87
  A 0.29 0.29 0.0 0 1 399.45 234.20
  C 381.00 226.88 365.75 213.53 359.35 194.28
  Q 355.32 182.14 356.90 164.90
  Q 358.32 149.29 362.99 135.87
  C 366.76 125.01 372.74 115.22 379.53 104.29
  Q 385.11 95.32 390.24 84.74
  Q 396.66 71.50 398.49 54.97
  Q 401.35 29.08 396.54 3.00
  A 0.41 0.40 15.9 0 1 397.21 2.63
  Q 425.97 28.65 448.16 60.34
  Q 468.13 88.86 475.75 126.51
  A 0.48 0.47 -8.0 0 0 476.26 126.89
  Q 478.73 126.68 479.43 126.50
  Q 494.84 122.60 508.05 113.54
  Q 523.02 103.27 535.62 89.63
  A 0.35 0.34 -21.2 0 1 536.22 89.89
  Q 533.91 117.64 526.49 144.51
  Q 521.36 163.07 513.03 177.77
  C 502.79 195.86 488.24 213.16 470.49 224.73
  C 459.92 231.62 448.88 234.08 436.36 235.22
  Z"
/>
    <path fill="#6a8426" d="
  M 436.36 235.22
  Q 454.49 294.23 440.94 352.21
  C 426.00 416.13 384.49 469.93 326.36 500.51
  C 256.07 537.48 169.76 534.05 102.55 490.95
  Q 60.98 464.30 34.08 422.65
  Q 6.05 379.27 0.00 326.06
  L 0.00 278.15
  Q 7.68 212.07 48.88 161.13
  C 87.43 113.46 144.51 83.57 205.75 78.91
  Q 242.14 76.15 279.07 85.33
  Q 287.12 87.34 290.14 90.11
  C 297.94 97.27 297.50 109.44 288.61 115.86
  Q 284.72 118.66 280.41 118.83
  Q 278.11 118.91 271.79 117.32
  Q 212.59 102.44 157.48 122.52
  C 93.02 146.01 45.75 202.63 34.24 270.39
  C 26.98 313.16 34.69 357.44 55.85 395.15
  C 96.89 468.30 180.79 506.99 263.71 488.76
  C 317.92 476.85 364.42 441.64 390.89 392.68
  C 418.42 341.78 421.36 280.99 398.60 227.53
  Q 394.16 200.46 402.49 173.56
  Q 407.24 158.19 411.86 144.40
  C 415.76 132.77 418.30 121.08 418.94 107.99
  Q 421.54 55.36 399.63 7.37
  A 0.16 0.14 65.6 0 1 399.69 7.18
  L 399.70 7.18
  A 0.15 0.15 0.0 0 1 399.91 7.23
  C 419.90 37.97 431.07 72.84 433.62 109.45
  C 435.27 133.03 430.20 152.13 424.71 177.88
  Q 418.52 206.92 429.25 234.41
  A 1.24 1.22 79.0 0 0 430.39 235.19
  L 436.36 235.22
  Z"
/>
    <path fill="#bed48d" d="
  M 241.38 213.93
  L 230.45 224.85
  A 0.67 0.67 0.0 0 1 229.48 224.83
  C 219.88 214.10 204.94 209.04 191.39 214.47
  C 181.76 218.33 174.65 227.35 173.30 237.68
  C 170.40 259.72 187.56 275.56 209.40 271.88
  C 217.00 270.60 224.02 265.69 229.25 260.12
  A 0.60 0.60 0.0 0 1 230.12 260.11
  L 241.42 271.40
  A 0.37 0.37 0.0 0 1 241.41 271.93
  C 233.31 279.75 224.46 286.04 213.48 287.97
  Q 206.76 289.15 198.01 288.64
  C 189.11 288.11 180.38 284.99 173.31 279.51
  Q 157.07 266.91 155.98 245.07
  C 155.19 229.17 160.85 214.96 173.58 205.53
  C 194.96 189.67 223.80 193.67 241.40 213.09
  A 0.61 0.61 0.0 0 1 241.38 213.93
  Z"
/>
    <path fill="#bed48d" d="
  M 314.2570 195.7873
  A 46.69 46.20 -93.7 0 1 363.3737 239.3986
  A 46.69 46.20 -93.7 0 1 320.2830 288.9727
  A 46.69 46.20 -93.7 0 1 271.1663 245.3614
  A 46.69 46.20 -93.7 0 1 314.2570 195.7873
  Z
  M 316.1307 212.4201
  A 30.00 29.05 -92.1 0 0 288.1995 243.4645
  A 30.00 29.05 -92.1 0 0 318.3293 272.3799
  A 30.00 29.05 -92.1 0 0 346.2605 241.3355
  A 30.00 29.05 -92.1 0 0 316.1307 212.4201
  Z"
/>
    <path fill="#bed48d" d="
  M 125.50 198.39
  L 125.50 214.36
  A 0.39 0.39 0.0 0 1 125.11 214.75
  L 94.39 214.75
  A 0.39 0.39 0.0 0 0 94.00 215.14
  L 94.00 230.12
  A 0.39 0.39 0.0 0 0 94.39 230.51
  L 125.10 230.51
  A 0.39 0.39 0.0 0 1 125.49 230.90
  L 125.49 246.36
  A 0.39 0.39 0.0 0 1 125.10 246.75
  L 94.39 246.75
  A 0.39 0.39 0.0 0 0 94.00 247.14
  L 94.00 269.36
  A 0.39 0.39 0.0 0 0 94.39 269.75
  L 125.11 269.75
  A 0.39 0.39 0.0 0 1 125.50 270.14
  L 125.50 286.37
  A 0.39 0.39 0.0 0 1 125.11 286.76
  L 77.39 286.76
  A 0.39 0.39 0.0 0 1 77.00 286.37
  L 77.00 198.39
  A 0.39 0.39 0.0 0 1 77.39 198.00
  L 125.11 198.00
  A 0.39 0.39 0.0 0 1 125.50 198.39
  Z"
/>
    <path fill="#9eba30" d="
  M 233.51 472.93
  Q 236.89 472.67 238.95 471.70
  Q 249.13 466.93 255.47 457.13
  C 266.03 440.79 269.88 422.86 268.44 403.23
  Q 267.44 389.65 264.55 377.01
  A 0.32 0.32 0.0 0 0 263.95 376.95
  C 258.90 388.05 249.97 401.39 238.83 407.11
  A 0.79 0.79 0.0 0 1 237.77 406.79
  Q 227.31 387.72 210.09 374.91
  Q 194.37 363.21 176.67 354.79
  A 0.02 0.02 0.0 0 1 176.68 354.75
  L 193.35 354.75
  A 0.39 0.39 0.0 0 0 193.74 354.36
  L 193.74 347.15
  A 0.42 0.41 90.0 0 0 193.33 346.73
  L 181.33 346.73
  A 0.58 0.58 0.0 0 1 180.75 346.15
  L 180.75 337.11
  A 0.61 0.61 0.0 0 1 181.36 336.50
  L 193.26 336.50
  A 0.48 0.47 -0.0 0 0 193.74 336.03
  L 193.74 329.25
  A 0.52 0.52 0.0 0 0 193.22 328.73
  L 181.15 328.73
  A 0.40 0.40 0.0 0 1 180.75 328.33
  L 180.75 322.13
  A 0.38 0.37 -90.0 0 1 181.12 321.75
  L 193.21 321.75
  A 0.52 0.52 0.0 0 0 193.73 321.23
  L 193.73 314.26
  A 0.53 0.53 0.0 0 0 193.20 313.73
  L 173.84 313.73
  A 0.35 0.35 0.0 0 0 173.49 314.08
  L 173.49 354.02
  A 1.06 1.04 -65.1 0 0 173.73 354.69
  Q 174.29 355.38 174.56 355.93
  Q 181.65 370.17 184.05 384.73
  C 185.93 396.13 183.07 407.36 180.32 418.05
  Q 175.18 438.10 182.80 457.94
  Q 185.48 464.90 193.04 471.36
  C 119.54 459.25 62.66 401.90 51.11 328.74
  Q 48.98 315.21 49.07 302.55
  A 0.55 0.55 0.0 0 1 49.62 302.00
  L 391.38 302.00
  A 0.50 0.50 0.0 0 1 391.88 302.51
  Q 391.43 326.69 386.83 343.83
  Q 371.17 402.12 325.79 437.37
  Q 289.68 465.42 243.75 471.98
  Q 237.79 472.84 233.51 472.93
  Z
  M 89.01 328.76
  A 0.50 0.50 0.0 0 1 88.51 328.26
  L 88.51 322.01
  A 0.50 0.50 0.0 0 1 89.01 321.51
  L 99.22 321.51
  A 0.50 0.50 0.0 0 0 99.72 321.01
  L 99.72 314.24
  A 0.50 0.50 0.0 0 0 99.22 313.74
  L 81.76 313.74
  A 0.50 0.50 0.0 0 0 81.26 314.24
  L 81.26 354.25
  A 0.50 0.50 0.0 0 0 81.76 354.75
  L 88.00 354.75
  A 0.50 0.50 0.0 0 0 88.50 354.25
  L 88.50 336.98
  A 0.50 0.50 0.0 0 1 89.00 336.48
  L 99.22 336.48
  A 0.50 0.50 0.0 0 0 99.72 335.98
  L 99.72 329.26
  A 0.50 0.50 0.0 0 0 99.22 328.76
  L 89.01 328.76
  Z
  M 121.26 337.80
  A 0.28 0.28 0.0 0 1 121.79 337.68
  L 129.89 354.54
  A 0.37 0.36 -12.9 0 0 130.22 354.74
  L 137.74 354.74
  A 0.14 0.14 0.0 0 0 137.86 354.54
  L 129.52 337.18
  A 0.65 0.65 0.0 0 1 129.85 336.30
  Q 136.16 333.59 136.03 325.55
  C 135.91 318.16 132.35 314.41 125.01 313.94
  Q 119.89 313.61 114.87 313.76
  A 0.65 0.64 -0.9 0 0 114.24 314.40
  L 114.24 354.34
  A 0.41 0.41 0.0 0 0 114.65 354.75
  L 120.91 354.75
  A 0.35 0.35 0.0 0 0 121.26 354.40
  L 121.26 337.80
  Z
  M 157.75 314.13
  A 0.39 0.39 0.0 0 0 157.36 313.74
  L 151.14 313.74
  A 0.39 0.39 0.0 0 0 150.75 314.13
  L 150.75 354.35
  A 0.39 0.39 0.0 0 0 151.14 354.74
  L 157.36 354.74
  A 0.39 0.39 0.0 0 0 157.75 354.35
  L 157.75 314.13
  Z
  M 219.68 336.08
  Q 229.44 352.86 230.32 354.27
  A 1.13 1.11 73.9 0 0 231.27 354.80
  L 236.87 354.80
  A 0.63 0.62 90.0 0 0 237.49 354.17
  L 237.49 314.12
  A 0.35 0.35 0.0 0 0 237.14 313.77
  L 230.59 313.77
  A 0.36 0.35 90.0 0 0 230.24 314.13
  L 230.24 339.31
  A 0.18 0.18 0.0 0 1 229.91 339.40
  Q 227.49 335.37 225.81 332.48
  Q 216.05 315.70 215.17 314.29
  A 1.13 1.11 73.9 0 0 214.22 313.76
  L 208.62 313.76
  A 0.63 0.62 90.0 0 0 208.00 314.39
  L 208.00 354.44
  A 0.35 0.35 0.0 0 0 208.35 354.79
  L 214.90 354.79
  A 0.36 0.35 -90.0 0 0 215.25 354.43
  L 215.25 329.25
  A 0.18 0.18 0.0 0 1 215.58 329.16
  Q 217.99 333.19 219.68 336.08
  Z
  M 253.54 314.25
  L 253.46 354.47
  A 0.39 0.39 0.0 0 0 253.85 354.87
  L 265.79 354.89
  A 18.08 16.85 -89.9 0 0 282.68 336.84
  L 282.68 332.00
  A 18.08 16.85 -89.9 0 0 265.87 313.89
  L 253.93 313.87
  A 0.39 0.39 0.0 0 0 253.54 314.25
  Z
  M 304.94 347.00
  A 0.43 0.43 0.0 0 1 304.51 346.57
  L 304.51 314.16
  A 0.43 0.43 0.0 0 0 304.08 313.73
  L 297.68 313.73
  A 0.43 0.43 0.0 0 0 297.25 314.16
  L 297.25 354.33
  A 0.43 0.43 0.0 0 0 297.68 354.76
  L 314.07 354.76
  A 0.43 0.43 0.0 0 0 314.50 354.33
  L 314.50 347.43
  A 0.43 0.43 0.0 0 0 314.07 347.00
  L 304.94 347.00
  Z
  M 339.37 354.75
  Q 342.03 354.75 342.43 354.69
  A 0.69 0.69 0.0 0 0 343.00 354.01
  L 343.02 338.39
  A 5.61 5.55 -32.8 0 1 343.54 336.04
  L 353.84 313.99
  A 0.17 0.17 0.0 0 0 353.69 313.75
  L 346.47 313.75
  A 0.44 0.43 -76.8 0 0 346.08 314.00
  Q 343.12 320.13 340.14 326.68
  Q 339.68 327.69 339.41 327.69
  Q 339.14 327.68 338.69 326.68
  Q 335.73 320.12 332.79 313.98
  A 0.44 0.43 77.0 0 0 332.40 313.73
  L 325.18 313.71
  A 0.17 0.17 0.0 0 0 325.03 313.94
  L 335.26 336.03
  A 5.61 5.55 33.0 0 1 335.77 338.38
  L 335.74 354.00
  A 0.69 0.69 0.0 0 0 336.31 354.68
  Q 336.72 354.75 339.37 354.75
  Z"
/>
    <path fill="#42561a" d="
  M 89.01 328.76
  L 99.22 328.76
  A 0.50 0.50 0.0 0 1 99.72 329.26
  L 99.72 335.98
  A 0.50 0.50 0.0 0 1 99.22 336.48
  L 89.00 336.48
  A 0.50 0.50 0.0 0 0 88.50 336.98
  L 88.50 354.25
  A 0.50 0.50 0.0 0 1 88.00 354.75
  L 81.76 354.75
  A 0.50 0.50 0.0 0 1 81.26 354.25
  L 81.26 314.24
  A 0.50 0.50 0.0 0 1 81.76 313.74
  L 99.22 313.74
  A 0.50 0.50 0.0 0 1 99.72 314.24
  L 99.72 321.01
  A 0.50 0.50 0.0 0 1 99.22 321.51
  L 89.01 321.51
  A 0.50 0.50 0.0 0 0 88.51 322.01
  L 88.51 328.26
  A 0.50 0.50 0.0 0 0 89.01 328.76
  Z"
/>
    <path fill="#42561a" d="
  M 121.26 337.80
  L 121.26 354.40
  A 0.35 0.35 0.0 0 1 120.91 354.75
  L 114.65 354.75
  A 0.41 0.41 0.0 0 1 114.24 354.34
  L 114.24 314.40
  A 0.65 0.64 -0.9 0 1 114.87 313.76
  Q 119.89 313.61 125.01 313.94
  C 132.35 314.41 135.91 318.16 136.03 325.55
  Q 136.16 333.59 129.85 336.30
  A 0.65 0.65 0.0 0 0 129.52 337.18
  L 137.86 354.54
  A 0.14 0.14 0.0 0 1 137.74 354.74
  L 130.22 354.74
  A 0.37 0.36 -12.9 0 1 129.89 354.54
  L 121.79 337.68
  A 0.28 0.28 0.0 0 0 121.26 337.80
  Z
  M 121.31 321.94
  L 121.19 329.36
  A 0.35 0.35 0.0 0 0 121.54 329.71
  L 124.54 329.76
  A 4.43 3.78 0.9 0 0 129.03 326.05
  L 129.03 325.49
  A 4.43 3.78 0.9 0 0 124.66 321.64
  L 121.66 321.59
  A 0.35 0.35 0.0 0 0 121.31 321.94
  Z"
/>
    <path fill="#42561a" d="
  M 233.51 472.93
  L 230.68 473.12
  Q 220.45 460.02 219.02 443.48
  C 217.74 428.58 216.78 416.85 211.67 404.36
  Q 200.03 375.92 176.88 356.13
  A 0.01 0.01 0.0 0 0 176.86 356.13
  L 176.49 356.42
  A 0.11 0.10 -43.2 0 0 176.48 356.58
  Q 180.10 360.02 183.69 364.84
  C 196.77 382.40 207.14 406.33 206.41 428.51
  Q 206.05 439.52 206.52 448.68
  Q 207.20 461.75 212.64 473.39
  L 202.28 472.87
  A 0.39 0.14 25.7 0 1 202.19 472.86
  L 193.04 471.36
  Q 185.48 464.90 182.80 457.94
  Q 175.18 438.10 180.32 418.05
  C 183.07 407.36 185.93 396.13 184.05 384.73
  Q 181.65 370.17 174.56 355.93
  Q 174.29 355.38 173.73 354.69
  A 1.06 1.04 -65.1 0 1 173.49 354.02
  L 173.49 314.08
  A 0.35 0.35 0.0 0 1 173.84 313.73
  L 193.20 313.73
  A 0.53 0.53 0.0 0 1 193.73 314.26
  L 193.73 321.23
  A 0.52 0.52 0.0 0 1 193.21 321.75
  L 181.12 321.75
  A 0.38 0.37 90.0 0 0 180.75 322.13
  L 180.75 328.33
  A 0.40 0.40 0.0 0 0 181.15 328.73
  L 193.22 328.73
  A 0.52 0.52 0.0 0 1 193.74 329.25
  L 193.74 336.03
  A 0.48 0.47 0.0 0 1 193.26 336.50
  L 181.36 336.50
  A 0.61 0.61 0.0 0 0 180.75 337.11
  L 180.75 346.15
  A 0.58 0.58 0.0 0 0 181.33 346.73
  L 193.33 346.73
  A 0.42 0.41 -90.0 0 1 193.74 347.15
  L 193.74 354.36
  A 0.39 0.39 0.0 0 1 193.35 354.75
  L 176.68 354.75
  A 0.02 0.02 0.0 0 0 176.67 354.79
  Q 194.37 363.21 210.09 374.91
  Q 227.31 387.72 237.77 406.79
  A 0.79 0.79 0.0 0 0 238.83 407.11
  C 249.97 401.39 258.90 388.05 263.95 376.95
  A 0.32 0.32 0.0 0 1 264.55 377.01
  Q 267.44 389.65 268.44 403.23
  C 269.88 422.86 266.03 440.79 255.47 457.13
  Q 249.13 466.93 238.95 471.70
  Q 236.89 472.67 233.51 472.93
  Z"
/>
    <path fill="#42561a" d="
  M 219.68 336.08
  Q 217.99 333.19 215.58 329.16
  A 0.18 0.18 0.0 0 0 215.25 329.25
  L 215.25 354.43
  A 0.36 0.35 -90.0 0 1 214.90 354.79
  L 208.35 354.79
  A 0.35 0.35 0.0 0 1 208.00 354.44
  L 208.00 314.39
  A 0.63 0.62 -90.0 0 1 208.62 313.76
  L 214.22 313.76
  A 1.13 1.11 73.9 0 1 215.17 314.29
  Q 216.05 315.70 225.81 332.48
  Q 227.49 335.37 229.91 339.40
  A 0.18 0.18 0.0 0 0 230.24 339.31
  L 230.24 314.13
  A 0.36 0.35 90.0 0 1 230.59 313.77
  L 237.14 313.77
  A 0.35 0.35 0.0 0 1 237.49 314.12
  L 237.49 354.17
  A 0.63 0.62 -90.0 0 1 236.87 354.80
  L 231.27 354.80
  A 1.13 1.11 73.9 0 1 230.32 354.27
  Q 229.44 352.86 219.68 336.08
  Z"
/>
    <path fill="#42561a" d="
  M 253.54 314.25
  A 0.39 0.39 0.0 0 1 253.93 313.87
  L 265.87 313.89
  A 18.08 16.85 -89.9 0 1 282.68 332.00
  L 282.68 336.84
  A 18.08 16.85 -89.9 0 1 265.79 354.89
  L 253.85 354.87
  A 0.39 0.39 0.0 0 1 253.46 354.47
  L 253.54 314.25
  Z
  M 260.75 322.09
  L 260.75 346.69
  A 0.43 0.43 0.0 0 0 261.18 347.12
  L 264.95 347.12
  A 10.86 10.52 -90.0 0 0 275.47 336.26
  L 275.47 332.52
  A 10.86 10.52 90.0 0 0 264.95 321.66
  L 261.18 321.66
  A 0.43 0.43 0.0 0 0 260.75 322.09
  Z"
/>
    <path fill="#42561a" d="
  M 304.94 347.00
  L 314.07 347.00
  A 0.43 0.43 0.0 0 1 314.50 347.43
  L 314.50 354.33
  A 0.43 0.43 0.0 0 1 314.07 354.76
  L 297.68 354.76
  A 0.43 0.43 0.0 0 1 297.25 354.33
  L 297.25 314.16
  A 0.43 0.43 0.0 0 1 297.68 313.73
  L 304.08 313.73
  A 0.43 0.43 0.0 0 1 304.51 314.16
  L 304.51 346.57
  A 0.43 0.43 0.0 0 0 304.94 347.00
  Z"
/>
    <path fill="#42561a" d="
  M 339.41 327.69
  Q 339.68 327.69 340.14 326.68
  Q 343.12 320.13 346.08 314.00
  A 0.44 0.43 -76.8 0 1 346.47 313.75
  L 353.69 313.75
  A 0.17 0.17 0.0 0 1 353.84 313.99
  L 343.54 336.04
  A 5.61 5.55 -32.8 0 0 343.02 338.39
  L 343.00 354.01
  A 0.69 0.69 0.0 0 1 342.43 354.69
  Q 342.03 354.75 339.37 354.75
  Q 336.72 354.75 336.31 354.68
  A 0.69 0.69 0.0 0 1 335.74 354.00
  L 335.77 338.38
  A 5.61 5.55 33.0 0 0 335.26 336.03
  L 325.03 313.94
  A 0.17 0.17 0.0 0 1 325.18 313.71
  L 332.40 313.73
  A 0.44 0.43 77.0 0 1 332.79 313.98
  Q 335.73 320.12 338.69 326.68
  Q 339.14 327.68 339.41 327.69
  Z"
/>
    <path fill="#9eba30" d="
  M 121.31 321.94
  A 0.35 0.35 0.0 0 1 121.66 321.59
  L 124.66 321.64
  A 4.43 3.78 0.9 0 1 129.03 325.49
  L 129.03 326.05
  A 4.43 3.78 0.9 0 1 124.54 329.76
  L 121.54 329.71
  A 0.35 0.35 0.0 0 1 121.19 329.36
  L 121.31 321.94
  Z"
/>
    <path fill="#9eba30" d="
  M 260.75 322.09
  A 0.43 0.43 0.0 0 1 261.18 321.66
  L 264.95 321.66
  A 10.86 10.52 -90.0 0 1 275.47 332.52
  L 275.47 336.26
  A 10.86 10.52 -90.0 0 1 264.95 347.12
  L 261.18 347.12
  A 0.43 0.43 0.0 0 1 260.75 346.69
  L 260.75 322.09
  Z"
/>
    <path fill="#9eba30" d="
  M 230.68 473.12
  L 212.64 473.39
  Q 207.20 461.75 206.52 448.68
  Q 206.05 439.52 206.41 428.51
  C 207.14 406.33 196.77 382.40 183.69 364.84
  Q 180.10 360.02 176.48 356.58
  A 0.11 0.10 -43.2 0 1 176.49 356.42
  L 176.86 356.13
  A 0.01 0.01 0.0 0 1 176.88 356.13
  Q 200.03 375.92 211.67 404.36
  C 216.78 416.85 217.74 428.58 219.02 443.48
  Q 220.45 460.02 230.68 473.12
  Z"
/>
    <path fill="#ffffff" d="
  M 77.32 605.00
  L 75.00 605.00
  Q 55.51 602.56 54.82 582.47
  Q 54.50 573.10 59.41 566.25
  Q 64.03 559.81 72.01 558.33
  C 90.96 554.84 102.08 571.21 97.43 588.45
  Q 93.24 604.00 77.32 605.00
  Z
  M 76.5300 566.1500
  A 15.27 10.95 -90.0 0 0 65.5800 581.4200
  A 15.27 10.95 -90.0 0 0 76.5300 596.6900
  A 15.27 10.95 -90.0 0 0 87.4800 581.4200
  A 15.27 10.95 -90.0 0 0 76.5300 566.1500
  Z"
/>
    <path fill="#ffffff" d="
  M 114.63 604.25
  L 105.40 604.25
  A 0.40 0.39 0.0 0 1 105.00 603.86
  L 105.00 559.63
  A 0.52 0.52 0.0 0 1 105.46 559.11
  Q 113.14 558.27 118.75 558.26
  C 127.22 558.24 137.33 560.16 137.54 570.89
  C 137.64 576.19 135.02 580.22 130.39 582.37
  A 0.34 0.33 -41.8 0 0 130.35 582.96
  Q 133.47 584.90 134.86 588.89
  Q 135.72 591.37 139.06 603.68
  A 0.45 0.45 0.0 0 1 138.63 604.25
  L 129.08 604.25
  A 0.84 0.84 0.0 0 1 128.29 603.69
  Q 126.65 599.13 125.03 592.04
  C 123.89 587.08 120.63 586.09 115.83 586.27
  A 0.61 0.60 89.0 0 0 115.25 586.88
  L 115.25 603.63
  A 0.62 0.62 0.0 0 1 114.63 604.25
  Z
  M 115.26 566.86
  L 115.24 577.98
  A 0.70 0.70 0.0 0 0 115.94 578.68
  L 120.07 578.69
  A 7.15 6.18 0.1 0 0 127.23 572.52
  L 127.23 572.36
  A 7.15 6.18 0.1 0 0 120.09 566.17
  L 115.96 566.16
  A 0.70 0.70 0.0 0 0 115.26 566.86
  Z"
/>
    <path fill="#ffffff" d="
  M 297.91 604.25
  L 288.59 604.25
  A 0.59 0.58 0.0 0 1 288.00 603.67
  L 288.00 560.02
  A 0.96 0.96 0.0 0 1 288.85 559.07
  Q 295.02 558.37 301.25 558.25
  C 309.16 558.09 318.58 560.09 320.45 569.13
  C 322.37 578.39 317.67 585.67 308.06 587.58
  Q 303.15 588.55 299.07 588.09
  A 0.53 0.52 3.0 0 0 298.49 588.61
  L 298.49 603.67
  A 0.58 0.58 0.0 0 1 297.91 604.25
  Z
  M 298.44 567.12
  L 298.54 579.14
  A 0.84 0.84 0.0 0 0 299.39 579.97
  L 303.08 579.94
  A 7.49 6.66 -0.5 0 0 310.51 573.22
  L 310.51 572.84
  A 7.49 6.66 -0.5 0 0 302.96 566.24
  L 299.27 566.28
  A 0.84 0.84 0.0 0 0 298.44 567.12
  Z"
/>
    <path fill="#ffffff" d="
  M 49.24 559.13
  L 49.24 566.87
  A 0.38 0.38 0.0 0 1 48.86 567.25
  L 32.38 567.25
  A 0.38 0.38 0.0 0 0 32.00 567.63
  L 32.00 577.12
  A 0.38 0.38 0.0 0 0 32.38 577.50
  L 47.87 577.50
  A 0.38 0.38 0.0 0 1 48.25 577.88
  L 48.25 585.62
  A 0.38 0.38 0.0 0 1 47.87 586.00
  L 32.38 586.00
  A 0.38 0.38 0.0 0 0 32.00 586.38
  L 32.00 603.87
  A 0.38 0.38 0.0 0 1 31.62 604.25
  L 21.63 604.25
  A 0.38 0.38 0.0 0 1 21.25 603.87
  L 21.25 559.13
  A 0.38 0.38 0.0 0 1 21.63 558.75
  L 48.86 558.75
  A 0.38 0.38 0.0 0 1 49.24 559.13
  Z"
/>
    <path fill="#ffffff" d="
  M 169.69 558.74
  Q 178.45 558.75 186.76 558.78
  A 0.43 0.43 0.0 0 1 187.19 559.21
  L 187.19 567.10
  A 0.42 0.42 0.0 0 1 186.77 567.52
  L 175.60 567.52
  A 0.61 0.61 0.0 0 0 174.99 568.13
  L 174.93 603.60
  A 0.66 0.66 0.0 0 1 174.43 604.24
  Q 174.31 604.27 169.60 604.26
  Q 164.90 604.25 164.78 604.22
  A 0.66 0.66 0.0 0 1 164.28 603.58
  L 164.36 568.11
  A 0.61 0.61 0.0 0 0 163.75 567.50
  L 152.58 567.45
  A 0.42 0.42 0.0 0 1 152.16 567.03
  L 152.20 559.14
  A 0.43 0.43 0.0 0 1 152.63 558.72
  Q 160.94 558.72 169.69 558.74
  Z"
/>
    <path fill="#ffffff" d="
  M 211.25 576.00
  Q 218.46 576.00 218.85 575.99
  A 0.67 0.66 -0.6 0 0 219.51 575.33
  L 219.51 559.35
  A 0.60 0.60 0.0 0 1 220.11 558.75
  L 229.41 558.75
  A 0.59 0.59 0.0 0 1 230.00 559.34
  L 230.00 603.64
  A 0.61 0.61 0.0 0 1 229.39 604.25
  L 220.16 604.25
  A 0.66 0.66 0.0 0 1 219.50 603.59
  L 219.50 585.63
  A 0.36 0.36 0.0 0 0 219.15 585.27
  Q 218.74 585.25 211.25 585.25
  Q 203.76 585.25 203.35 585.27
  A 0.36 0.36 0.0 0 0 203.00 585.63
  L 203.00 603.59
  A 0.66 0.66 0.0 0 1 202.34 604.25
  L 193.11 604.25
  A 0.61 0.61 0.0 0 1 192.50 603.64
  L 192.50 559.34
  A 0.59 0.59 0.0 0 1 193.09 558.75
  L 202.39 558.75
  A 0.60 0.60 0.0 0 1 202.99 559.35
  L 202.99 575.33
  A 0.67 0.66 0.6 0 0 203.65 575.99
  Q 204.04 576.00 211.25 576.00
  Z"
/>
    <path fill="#ffffff" d="
  M 238.74 559.42
  A 0.67 0.67 0.0 0 1 239.41 558.75
  L 266.67 558.76
  A 0.31 0.31 0.0 0 1 266.98 559.07
  L 266.99 566.94
  A 0.32 0.31 -0.0 0 1 266.67 567.25
  L 249.68 567.25
  A 0.43 0.43 0.0 0 0 249.25 567.68
  L 249.24 576.06
  A 0.44 0.44 0.0 0 0 249.67 576.50
  L 265.44 576.51
  A 0.42 0.42 0.0 0 1 265.86 576.93
  L 265.88 584.56
  A 0.44 0.44 0.0 0 1 265.44 585.00
  L 249.79 585.00
  A 0.56 0.56 0.0 0 0 249.23 585.56
  L 249.24 594.91
  A 0.59 0.59 0.0 0 0 249.83 595.50
  L 267.38 595.51
  A 0.36 0.36 0.0 0 1 267.74 595.87
  L 267.74 603.86
  A 0.38 0.37 90.0 0 1 267.37 604.24
  L 239.35 604.25
  A 0.61 0.60 90.0 0 1 238.75 603.64
  L 238.74 559.42
  Z"
/>
    <path fill="#ffffff" d="
  M 337.75 559.15
  L 337.75 594.86
  A 0.39 0.39 0.0 0 0 338.14 595.25
  L 355.36 595.25
  A 0.39 0.39 0.0 0 1 355.75 595.64
  L 355.75 603.86
  A 0.39 0.39 0.0 0 1 355.36 604.25
  L 327.64 604.25
  A 0.39 0.39 0.0 0 1 327.25 603.86
  L 327.25 559.15
  A 0.39 0.39 0.0 0 1 327.64 558.76
  L 337.36 558.76
  A 0.39 0.39 0.0 0 1 337.75 559.15
  Z"
/>
    <path fill="#ffffff" d="
  M 372.65 558.75
  L 385.80 558.75
  A 0.40 0.40 0.0 0 1 386.18 559.03
  L 400.03 603.73
  A 0.40 0.40 0.0 0 1 399.65 604.25
  L 389.19 604.25
  A 0.40 0.40 0.0 0 1 388.81 603.97
  L 385.35 592.78
  A 0.40 0.40 0.0 0 0 384.97 592.50
  L 373.10 592.50
  A 0.40 0.40 0.0 0 0 372.71 592.78
  L 369.30 603.97
  A 0.40 0.40 0.0 0 1 368.91 604.25
  L 358.98 604.25
  A 0.40 0.40 0.0 0 1 358.60 603.73
  L 372.26 559.03
  A 0.40 0.40 0.0 0 1 372.65 558.75
  Z
  M 378.62 567.89
  L 374.40 584.21
  A 0.43 0.43 0.0 0 0 374.81 584.75
  L 383.29 584.75
  A 0.53 0.53 0.0 0 0 383.79 584.06
  L 378.78 567.88
  A 0.08 0.08 0.0 0 0 378.62 567.89
  Z"
/>
    <path fill="#ffffff" d="
  M 434.60 589.52
  Q 433.62 574.76 434.11 559.00
  A 0.25 0.25 0.0 0 1 434.36 558.75
  L 443.22 558.75
  A 0.28 0.28 0.0 0 1 443.50 559.03
  L 443.50 603.65
  A 0.61 0.60 0.0 0 1 442.89 604.25
  L 433.31 604.25
  A 0.95 0.94 -14.7 0 1 432.49 603.78
  Q 422.31 586.22 415.47 571.99
  A 0.01 0.01 0.0 0 0 415.45 572.00
  L 415.45 604.06
  A 0.19 0.18 -0.0 0 1 415.26 604.24
  L 406.30 604.24
  A 0.30 0.30 0.0 0 1 406.00 603.94
  L 406.00 559.33
  A 0.58 0.58 0.0 0 1 406.58 558.75
  L 417.56 558.75
  A 0.97 0.96 75.0 0 1 418.40 559.24
  C 423.47 567.99 430.18 578.98 434.36 589.58
  A 0.13 0.12 -58.4 0 0 434.60 589.52
  Z"
/>
    <path fill="#ffffff" d="
  M 480.50 559.12
  L 480.50 566.88
  A 0.37 0.37 0.0 0 1 480.13 567.25
  L 463.12 567.25
  A 0.37 0.37 0.0 0 0 462.75 567.62
  L 462.75 576.13
  A 0.37 0.37 0.0 0 0 463.12 576.50
  L 479.01 576.50
  A 0.37 0.37 0.0 0 1 479.38 576.87
  L 479.38 584.63
  A 0.37 0.37 0.0 0 1 479.01 585.00
  L 463.12 585.00
  A 0.37 0.37 0.0 0 0 462.75 585.37
  L 462.75 595.13
  A 0.37 0.37 0.0 0 0 463.12 595.50
  L 480.88 595.50
  A 0.37 0.37 0.0 0 1 481.25 595.87
  L 481.25 603.88
  A 0.37 0.37 0.0 0 1 480.88 604.25
  L 452.62 604.25
  A 0.37 0.37 0.0 0 1 452.25 603.88
  L 452.25 559.12
  A 0.37 0.37 0.0 0 1 452.62 558.75
  L 480.13 558.75
  A 0.37 0.37 0.0 0 1 480.50 559.12
  Z"
/>
    <path fill="#ffffff" d="
  M 502.51 604.24
  Q 497.81 604.24 497.69 604.21
  A 0.66 0.66 0.0 0 1 497.19 603.57
  L 497.18 568.13
  A 0.61 0.61 0.0 0 0 496.58 567.52
  L 485.42 567.50
  A 0.42 0.42 0.0 0 1 485.00 567.08
  L 485.01 559.20
  A 0.43 0.43 0.0 0 1 485.44 558.77
  Q 493.75 558.75 502.49 558.76
  Q 511.24 558.75 519.54 558.76
  A 0.43 0.43 0.0 0 1 519.97 559.18
  L 519.99 567.07
  A 0.42 0.42 0.0 0 1 519.57 567.49
  L 508.41 567.51
  A 0.61 0.61 0.0 0 0 507.81 568.12
  L 507.83 603.56
  A 0.66 0.66 0.0 0 1 507.33 604.20
  Q 507.21 604.23 502.51 604.24
  Z"
/>
    <rect fill="#42561a" x="150.75" y="313.74" width="7.00" height="41.00" rx="0.39"/>
</svg>