<svg xmlns="http://www.w3.org/2000/svg" data-crop-extracted="true" version="1.1" viewBox="0.00 0.00 810.00 1050.00" data-ai-vectorized="true" style="background: transparent !important; background-color: transparent !important;">
    <path vector-effect="non-scaling-stroke" d="   M 0.00 663.11   Q 0.38 667.16 0.57 671.23   Q 0.64 672.74 1.87 672.71" fill="transparent" fill-opacity="0"/>
    <path vector-effect="non-scaling-stroke" d="   M 1.87 672.71   Q 2.19 681.22 2.42 689.72   C 2.58 695.55 3.28 701.81 3.84 707.85   A 0.05 0.04 9.2 0 0 3.88 707.89   L 4.15 707.91   A 0.32 0.32 0.0 0 1 4.42 708.17   Q 6.99 726.60 9.16 736.89   Q 26.63 819.72 76.08 887.43   Q 94.56 912.73 117.80 935.47   Q 177.95 994.32 256.54 1023.46   Q 281.52 1032.72 318.22 1040.55   C 326.41 1042.30 335.30 1043.09 343.54 1044.42   C 349.88 1045.45 357.15 1045.74 362.49 1045.94   A 1.45 1.42 -19.0 0 1 363.54 1046.44   Q 363.56 1046.46 363.66 1046.60   A 1.45 1.44 75.5 0 0 364.57 1047.14   Q 369.10 1047.80 370.65 1047.86   A 0.61 0.56 -14.9 0 0 371.21 1046.97   Q 370.91 1046.55 371.16 1046.33   A 0.49 0.47 -64.4 0 1 371.51 1046.20   L 379.21 1046.61   A 0.02 0.01 0.0 0 1 379.23 1046.62   Q 379.24 1046.63 379.24 1046.64   A 0.02 0.02 0.0 0 1 379.22 1046.67   L 372.25 1047.06   A 0.19 0.19 0.0 0 0 372.07 1047.24   L 372.07 1047.25   A 0.23 0.23 0.0 0 0 372.29 1047.48   C 388.45 1048.25 405.91 1048.05 427.00 1047.71   Q 430.50 1047.65 434.00 1047.48" fill="transparent" fill-opacity="0"/>
    <path vector-effect="non-scaling-stroke" d="   M 434.00 1047.48   L 437.98 1047.68   A 3.67 3.65 40.7 0 0 438.95 1047.61   L 445.56 1046.22" fill="transparent" fill-opacity="0"/>
    <path vector-effect="non-scaling-stroke" d="   M 445.56 1046.22   Q 465.23 1044.77 482.12 1041.85   C 519.25 1035.42 557.05 1023.48 590.92 1006.39   C 628.89 987.24 663.31 962.55 692.14 933.88   Q 715.45 910.70 737.84 879.11   Q 749.28 862.96 763.39 836.88   C 767.42 829.43 772.18 818.78 774.49 813.49   C 785.18 789.00 792.99 763.48 798.79 737.28   C 800.93 727.65 801.76 719.85 803.56 709.97   C 804.57 704.43 804.44 698.02 805.40 692.99   Q 806.56 686.88 806.74 681.59   Q 806.84 678.76 806.95 659.66   Q 807.03 645.14 806.99 1.83   A 0.45 0.45 0.0 0 0 806.54 1.38   L 1.86 1.54" fill="transparent" fill-opacity="0"/>
    <path vector-effect="non-scaling-stroke" d="   M 1.86 1.54   Q 0.67 1.16 0.00 1.74" fill="transparent" fill-opacity="0"/>
    <path vector-effect="non-scaling-stroke" d="   M 445.56 1046.22   L 437.17 1046.43" fill="transparent" fill-opacity="0"/>
    <path vector-effect="non-scaling-stroke" d="   M 437.17 1046.43   Q 431.64 1045.94 426.39 1046.87   Q 430.21 1046.98 433.92 1047.01" fill="transparent" fill-opacity="0"/>
    <path vector-effect="non-scaling-stroke" d="   M 433.92 1047.01   L 434.00 1047.48" fill="transparent" fill-opacity="0"/>
    <path vector-effect="non-scaling-stroke" d="   M 1.87 672.71   L 1.86 1.54" fill="transparent" fill-opacity="0"/>
    <path vector-effect="non-scaling-stroke" d="   M 76.37 166.50   Q 75.96 166.12 75.45 166.57   A 0.48 0.46 -22.7 0 0 75.29 166.94   L 75.49 179.96   A 1.32 1.25 34.0 0 0 75.61 180.50   L 77.05 183.61   A 0.83 0.81 -12.3 0 0 77.80 184.08   L 82.79 184.01" fill="transparent" fill-opacity="0"/>
    <path vector-effect="non-scaling-stroke" d="   M 82.79 184.01   L 113.89 183.44   A 1.21 1.09 32.1 0 0 114.29 183.37   L 120.88 181.20   A 2.41 2.28 20.1 0 0 121.30 181.02   C 125.91 178.26 128.53 174.20 130.64 169.16   Q 133.37 162.65 134.01 160.26   Q 137.20 148.28 139.94 138.15   C 140.58 135.79 140.74 133.32 141.53 130.99   Q 142.28 128.80 143.04 125.72   Q 147.47 107.70 151.17 93.19   Q 151.39 92.31 151.41 90.82   A 1.39 1.39 0.0 0 0 149.81 89.44   L 127.58 92.97   A 1.01 0.80 -59.8 0 0 127.25 93.10   Q 125.80 94.02 123.63 93.91   A 1.52 1.52 0.0 0 0 122.05 95.28   L 121.33 102.62   A 0.32 0.32 0.0 0 1 120.94 102.90   Q 120.62 102.82 120.46 103.12   A 0.95 0.82 -31.3 0 0 120.36 103.43   L 118.43 124.43   A 0.24 0.23 -29.4 0 1 118.39 124.56   Q 117.97 125.30 117.55 125.07   A 0.05 0.05 0.0 0 0 117.47 125.11   L 116.74 132.55   A 1.19 1.19 0.0 0 1 114.39 132.67   Q 113.31 127.24 111.37 123.67   A 4.84 4.77 23.5 0 1 110.94 122.60   Q 109.98 119.00 109.48 116.66   Q 109.36 116.05 109.17 115.90   Q 108.84 115.62 108.48 115.37   A 1.30 1.29 -76.6 0 1 107.95 114.50   Q 107.20 109.21 105.60 106.33   A 6.04 5.88 -65.7 0 1 104.96 104.56   L 103.73 98.35   A 0.85 0.85 0.0 0 0 103.20 97.72   C 100.50 96.72 98.89 97.27 96.30 97.42   Q 86.03 98.04 76.22 100.67   A 1.58 1.57 70.8 0 0 75.18 102.82   Q 86.62 129.33 100.68 158.35   Q 101.22 159.47 100.66 162.04   A 1.11 1.11 0.0 0 1 100.10 162.78   Q 98.14 163.78 95.25 163.74   Q 90.96 163.67 78.04 164.13   A 0.67 0.66 -86.3 0 0 77.41 164.69   Q 77.20 165.91 76.37 166.50" fill="transparent" fill-opacity="0"/>
    <path vector-effect="non-scaling-stroke" d="   M 82.79 184.01   L 78.28 183.71   A 0.65 0.65 0.0 0 1 77.68 183.12   L 76.37 166.50" fill="transparent" fill-opacity="0"/>
    <path vector-effect="non-scaling-stroke" d="   M 200.01 184.20   Q 213.08 184.52 224.56 181.00   Q 243.32 175.24 248.24 155.51   Q 251.57 142.13 250.09 128.39   C 248.26 111.49 241.45 98.56 225.18 93.02   C 220.26 91.35 214.77 90.86 209.01 89.84   Q 207.20 89.52 202.25 89.40   Q 189.18 89.08 177.70 92.61   Q 158.94 98.36 154.02 118.09   Q 150.69 131.47 152.17 145.21   C 154.00 162.11 160.81 175.04 177.08 180.58   C 182.00 182.25 187.49 182.74 193.25 183.76   Q 195.06 184.08 200.01 184.20" fill="transparent" fill-opacity="0"/>
    <path vector-effect="non-scaling-stroke" d="   M 305.07 175.98   Q 306.88 176.65 306.88 175.25   Q 306.86 159.25 306.92 143.08" fill="transparent" fill-opacity="0"/>
    <path vector-effect="non-scaling-stroke" d="   M 306.92 143.08   L 336.93 143.10   A 0.56 0.56 0.0 0 1 337.49 143.66   L 337.49 175.67   A 0.44 0.44 0.0 0 0 337.93 176.11   L 357.36 176.11   A 0.61 0.61 0.0 0 0 357.97 175.50   L 357.97 97.57   A 0.53 0.53 0.0 0 0 357.44 97.04   L 338.03 97.04   A 0.54 0.54 0.0 0 0 337.49 97.58   L 337.49 127.29   A 0.58 0.57 -0.0 0 1 336.91 127.86   L 306.01 127.86   A 0.77 0.76 -8.8 0 1 305.28 127.33   Q 305.17 126.98 305.24 126.53" fill="transparent" fill-opacity="0"/>
    <path vector-effect="non-scaling-stroke" d="   M 305.24 126.53   Q 305.15 125.07 306.10 126.90   A 0.33 0.33 0.0 0 0 306.72 126.75   L 306.72 98.22   A 0.81 0.79 -81.8 0 0 306.16 97.45   L 305.27 97.17" fill="transparent" fill-opacity="0"/>
    <path vector-effect="non-scaling-stroke" d="   M 305.27 97.17   L 286.44 97.20   A 0.53 0.53 0.0 0 0 285.91 97.73   L 285.91 175.65   A 0.41 0.41 0.0 0 0 286.32 176.06   L 305.07 175.98" fill="transparent" fill-opacity="0"/>
    <path vector-effect="non-scaling-stroke" d="   M 305.27 97.17   L 305.24 126.53" fill="transparent" fill-opacity="0"/>
    <path vector-effect="non-scaling-stroke" d="   M 306.92 143.08   Q 306.01 142.89 305.46 143.22   A 0.69 0.68 74.1 0 0 305.14 143.80   L 305.07 175.98" fill="transparent" fill-opacity="0"/>
    <path vector-effect="non-scaling-stroke" d="   M 375.86 97.09   L 374.28 97.34   A 0.28 0.27 -5.0 0 0 374.05 97.61   L 374.05 175.31   A 0.46 0.45 -78.2 0 0 374.32 175.73   Q 374.98 176.01 375.86 175.69" fill="transparent" fill-opacity="0"/>
    <path vector-effect="non-scaling-stroke" d="   M 375.86 175.69   L 426.07 176.15" fill="transparent" fill-opacity="0"/>
    <path vector-effect="non-scaling-stroke" d="   M 426.07 176.15   L 426.74 161.69   A 0.55 0.52 -65.3 0 0 426.61 161.31   Q 426.24 160.86 425.71 160.91" fill="transparent" fill-opacity="0"/>
    <path vector-effect="non-scaling-stroke" d="   M 425.71 160.91   L 395.52 160.91   A 0.59 0.59 0.0 0 1 394.93 160.32   L 394.93 143.65   A 0.62 0.62 0.0 0 1 395.55 143.03   L 421.43 143.03   A 0.68 0.68 0.0 0 0 422.11 142.35   L 422.00 129.70" fill="transparent" fill-opacity="0"/>
    <path vector-effect="non-scaling-stroke" d="   M 422.00 129.70   L 422.06 128.58   A 0.56 0.56 0.0 0 0 421.50 127.99   L 394.99 128.04" fill="transparent" fill-opacity="0"/>
    <path vector-effect="non-scaling-stroke" d="   M 394.99 128.04   L 394.98 112.98   A 0.81 0.81 0.0 0 1 395.80 112.16   L 425.90 112.26" fill="transparent" fill-opacity="0"/>
    <path vector-effect="non-scaling-stroke" d="   M 425.90 112.26   Q 427.81 106.89 426.51 99.38" fill="transparent" fill-opacity="0"/>
    <path vector-effect="non-scaling-stroke" d="   M 426.51 99.38   Q 426.80 98.53 426.75 98.18   A 1.38 1.37 -4.4 0 0 425.39 97.02   L 375.86 97.09" fill="transparent" fill-opacity="0"/>
    <path vector-effect="non-scaling-stroke" d="   M 426.51 99.38   Q 426.05 99.39 425.81 97.90   A 0.18 0.18 0.0 0 0 425.46 97.91   Q 424.72 105.17 425.90 112.26" fill="transparent" fill-opacity="0"/>
    <path vector-effect="non-scaling-stroke" d="   M 394.99 128.04   L 395.10 129.16   A 0.74 0.73 86.6 0 0 395.84 129.82   L 422.00 129.70" fill="transparent" fill-opacity="0"/>
    <path vector-effect="non-scaling-stroke" d="   M 425.71 160.91   L 426.07 176.15" fill="transparent" fill-opacity="0"/>
    <path vector-effect="non-scaling-stroke" d="   M 375.86 175.69   L 375.86 97.09" fill="transparent" fill-opacity="0"/>
    <path vector-effect="non-scaling-stroke" d="   M 461.23 162.93   L 493.18 162.96" fill="transparent" fill-opacity="0"/>
    <path vector-effect="non-scaling-stroke" d="   M 493.18 162.96   Q 493.94 165.83 494.57 168.52   Q 494.91 169.96 495.89 170.46   A 0.74 0.73 -80.9 0 1 496.27 170.99   L 496.88 174.83   A 1.29 1.28 -4.4 0 0 498.15 175.91   L 517.84 175.91   A 0.63 0.62 -6.9 0 0 518.45 175.14   C 517.53 171.30 516.35 168.67 515.15 165.47   Q 499.31 123.64 490.78 101.24   Q 490.25 99.83 490.06 98.06   A 1.14 1.14 0.0 0 0 488.93 97.04   L 466.86 97.04   A 2.48 2.47 6.6 0 0 464.45 98.94   Q 463.83 101.60 463.28 103.05   Q 439.93 164.69 438.65 167.97   C 437.60 170.67 436.83 172.35 436.10 175.54   A 0.42 0.41 -83.3 0 0 436.50 176.05   L 456.47 176.05   A 0.92 0.91 4.8 0 0 457.38 175.29   L 458.35 169.72   A 0.90 0.88 -11.3 0 1 458.75 169.13   L 459.47 168.69   A 1.17 1.14 -10.0 0 0 459.97 168.00   L 461.23 162.93" fill="transparent" fill-opacity="0"/>
    <path vector-effect="non-scaling-stroke" d="   M 493.18 162.96   Q 493.29 161.41 492.00 161.37   Q 479.23 160.97 462.27 161.35   Q 461.25 161.38 461.23 162.93" fill="transparent" fill-opacity="0"/>
    <path vector-effect="non-scaling-stroke" d="   M 577.13 175.96   Q 578.10 176.32 578.56 175.93   Q 578.87 175.67 578.88 175.27   Q 578.98 168.57 578.98 161.89   Q 578.98 160.88 576.95 161.03" fill="transparent" fill-opacity="0"/>
    <path vector-effect="non-scaling-stroke" d="   M 576.95 161.03   L 552.21 161.20" fill="transparent" fill-opacity="0"/>
    <path vector-effect="non-scaling-stroke" d="   M 552.21 161.20   Q 551.97 161.16 551.82 160.80" fill="transparent" fill-opacity="0"/>
    <path vector-effect="non-scaling-stroke" d="   M 551.82 160.80   L 551.85 97.79   A 0.70 0.70 0.0 0 0 551.30 97.11   Q 550.87 97.02 550.30 97.15" fill="transparent" fill-opacity="0"/>
    <path vector-effect="non-scaling-stroke" d="   M 550.30 97.15   L 530.65 97.11   A 0.55 0.55 0.0 0 0 530.10 97.66   L 530.10 175.26   A 0.77 0.77 0.0 0 0 530.87 176.03   L 577.13 175.96" fill="transparent" fill-opacity="0"/>
    <path vector-effect="non-scaling-stroke" d="   M 550.30 97.15   L 550.26 160.54   A 0.46 0.45 -75.0 0 0 550.48 160.93   Q 551.01 161.26 551.82 160.80" fill="transparent" fill-opacity="0"/>
    <path vector-effect="non-scaling-stroke" d="   M 552.21 161.20   Q 552.79 162.26 553.39 162.31   Q 562.17 163.02 575.22 162.80   Q 575.99 162.79 576.75 162.62" fill="transparent" fill-opacity="0"/>
    <path vector-effect="non-scaling-stroke" d="   M 576.75 162.62   L 577.13 175.96" fill="transparent" fill-opacity="0"/>
    <path vector-effect="non-scaling-stroke" d="   M 576.95 161.03   Q 577.02 161.92 576.75 162.62" fill="transparent" fill-opacity="0"/>
    <path vector-effect="non-scaling-stroke" d="   M 605.11 176.11   Q 613.70 176.10 614.95 176.03   A 0.43 0.43 0.0 0 0 615.36 175.60   L 615.36 112.53   A 0.34 0.33 90.0 0 1 615.69 112.19   L 636.42 112.19   A 0.59 0.59 0.0 0 0 637.01 111.60   L 637.01 97.42   A 0.42 0.42 0.0 0 0 636.58 97.00   Q 635.94 97.01 605.06 97.03   Q 574.19 97.05 573.55 97.04   A 0.42 0.42 0.0 0 0 573.12 97.46   L 573.13 111.64   A 0.59 0.59 0.0 0 0 573.73 112.23   L 594.46 112.20   A 0.34 0.33 89.9 0 1 594.79 112.54   L 594.87 175.61   A 0.43 0.43 0.0 0 0 595.28 176.04   Q 596.53 176.11 605.11 176.11" fill="transparent" fill-opacity="0"/>
    <path vector-effect="non-scaling-stroke" d="   M 667.04 175.95   Q 667.27 175.83 667.93 176.02   A 0.67 0.66 -82.4 0 0 668.77 175.37   L 668.66 143.25" fill="transparent" fill-opacity="0"/>
    <path vector-effect="non-scaling-stroke" d="   M 668.66 143.25   L 698.89 143.11   A 0.53 0.53 0.0 0 1 699.43 143.64   L 699.43 175.65   A 0.40 0.39 90.0 0 0 699.82 176.05   L 719.26 176.05   A 0.69 0.68 90.0 0 0 719.94 175.36   L 719.94 97.41   A 0.37 0.36 0.0 0 0 719.57 97.05   L 699.99 97.05   A 0.56 0.56 0.0 0 0 699.43 97.61   L 699.43 127.43   A 0.46 0.46 0.0 0 1 698.97 127.89   L 668.56 127.84" fill="transparent" fill-opacity="0"/>
    <path vector-effect="non-scaling-stroke" d="   M 668.56 127.84   L 668.68 98.02   A 0.64 0.63 88.3 0 0 668.01 97.38   L 667.27 97.42" fill="transparent" fill-opacity="0"/>
    <path vector-effect="non-scaling-stroke" d="   M 667.27 97.42   L 648.37 97.05   A 0.43 0.42 0.7 0 0 647.93 97.47   L 647.93 175.54   A 0.44 0.44 0.0 0 0 648.37 175.98   L 667.04 175.95" fill="transparent" fill-opacity="0"/>
    <path vector-effect="non-scaling-stroke" d="   M 667.27 97.42   Q 667.10 112.41 667.31 127.47   Q 667.32 127.66 668.56 127.84" fill="transparent" fill-opacity="0"/>
    <path vector-effect="non-scaling-stroke" d="   M 668.66 143.25   L 668.08 143.16   A 0.84 0.84 0.0 0 0 667.10 143.99   L 667.04 175.95" fill="transparent" fill-opacity="0"/>
    <path vector-effect="non-scaling-stroke" d="   M 75.10 204.96   L 75.07 263.39   A 0.44 0.44 0.0 0 0 75.51 263.83   L 87.23 263.74" fill="transparent" fill-opacity="0"/>
    <path vector-effect="non-scaling-stroke" d="   M 87.23 263.74   Q 88.54 263.66 88.56 263.14   Q 89.07 248.72 88.54 233.53   Q 88.49 232.29 89.31 231.35   Q 89.55 231.07 90.80 231.89" fill="transparent" fill-opacity="0"/>
    <path vector-effect="non-scaling-stroke" d="   M 90.80 231.89   L 104.41 263.31   A 1.06 1.06 0.0 0 0 105.38 263.94   L 112.51 263.94   A 1.34 1.33 -78.1 0 0 113.73 263.14   L 129.60 226.03   A 0.39 0.39 0.0 0 1 130.31 226.03   Q 130.60 226.69 130.61 227.50   Q 130.75 249.13 130.68 263.29   A 0.61 0.61 0.0 0 0 131.29 263.90   L 142.34 263.90   A 0.52 0.52 0.0 0 0 142.86 263.38   L 142.85 204.93" fill="transparent" fill-opacity="0"/>
    <path vector-effect="non-scaling-stroke" d="   M 142.85 204.93   Q 142.73 203.39 141.98 203.41   Q 135.79 203.60 129.61 203.40   A 0.50 0.47 26.5 0 0 129.34 203.48   Q 128.46 204.08 128.92 204.90" fill="transparent" fill-opacity="0"/>
    <path vector-effect="non-scaling-stroke" d="   M 128.92 204.90   Q 128.70 205.14 128.36 205.27   A 0.38 0.37 3.5 0 0 128.13 205.47   L 109.40 247.11   A 0.51 0.51 0.0 0 1 108.46 247.11   L 92.06 210.33" fill="transparent" fill-opacity="0"/>
    <path vector-effect="non-scaling-stroke" d="   M 92.06 210.33   Q 92.20 208.30 91.63 207.36   Q 90.00 204.66 89.42 203.69   A 1.17 1.16 74.5 0 0 88.42 203.12   Q 81.75 203.05 75.99 203.09   Q 74.87 203.10 75.10 204.96" fill="transparent" fill-opacity="0"/>
    <path vector-effect="non-scaling-stroke" d="   M 92.06 210.33   L 89.63 205.45   A 1.02 1.01 -13.2 0 0 88.72 204.89   L 75.10 204.96" fill="transparent" fill-opacity="0"/>
    <path vector-effect="non-scaling-stroke" d="   M 90.80 231.89   L 88.52 226.15   A 0.51 0.50 43.1 0 0 87.57 226.18   Q 87.40 226.70 87.39 227.51   Q 87.22 245.33 87.23 263.74" fill="transparent" fill-opacity="0"/>
    <path vector-effect="non-scaling-stroke" d="   M 142.85 204.93   L 128.92 204.90" fill="transparent" fill-opacity="0"/>
    <path vector-effect="non-scaling-stroke" d="   M 479.32 204.47   Q 479.15 204.52 479.00 204.69   A 0.60 0.58 -25.3 0 0 478.85 205.08   L 478.85 263.39   A 0.54 0.53 -0.0 0 0 479.39 263.92   L 514.15 263.92   A 0.52 0.52 0.0 0 0 514.67 263.40   L 514.67 254.15   A 0.48 0.48 0.0 0 0 514.19 253.67   L 491.50 253.67   A 0.45 0.45 0.0 0 1 491.05 253.22   L 491.05 238.62   A 0.67 0.66 -0.0 0 1 491.72 237.96   L 511.13 237.96   A 0.77 0.76 90.0 0 0 511.89 237.19   L 511.89 229.75   A 0.72 0.71 -0.0 0 0 511.17 229.04   L 491.67 229.04   A 0.62 0.62 0.0 0 1 491.05 228.42   L 491.05 214.43   A 0.53 0.46 -33.1 0 1 491.12 214.18   Q 491.34 213.76 491.56 213.91" fill="transparent" fill-opacity="0"/>
    <path vector-effect="non-scaling-stroke" d="   M 491.56 213.91   L 513.80 213.84   A 0.77 0.76 10.7 0 0 514.51 213.36   Q 514.74 212.80 514.60 212.41" fill="transparent" fill-opacity="0"/>
    <path vector-effect="non-scaling-stroke" d="   M 514.60 212.41   L 514.53 204.74" fill="transparent" fill-opacity="0"/>
    <path vector-effect="non-scaling-stroke" d="   M 514.53 204.74   Q 515.18 204.02 514.62 203.35   A 0.37 0.36 68.3 0 0 514.35 203.23   L 479.90 203.23   A 0.68 0.68 0.0 0 0 479.22 203.92   Q 479.22 204.15 479.32 204.47" fill="transparent" fill-opacity="0"/>
    <path vector-effect="non-scaling-stroke" d="   M 514.53 204.74   L 479.32 204.47" fill="transparent" fill-opacity="0"/>
    <path vector-effect="non-scaling-stroke" d="   M 514.60 212.41   Q 504.25 212.59 492.68 212.32   Q 491.83 212.30 491.37 213.01   Q 491.21 213.26 491.56 213.91" fill="transparent" fill-opacity="0"/>
    <path vector-effect="non-scaling-stroke" d="   M 604.04 204.80   Q 603.63 204.93 603.63 205.32   Q 603.59 233.75 603.64 263.34   A 0.57 0.57 0.0 0 0 604.21 263.91   L 615.37 263.91   A 0.52 0.52 0.0 0 0 615.89 263.39   Q 615.93 224.91 615.94 205.94   Q 615.94 205.16 615.51 204.75" fill="transparent" fill-opacity="0"/>
    <path vector-effect="non-scaling-stroke" d="   M 615.51 204.75   Q 615.98 204.19 615.75 203.57   A 0.62 0.62 0.0 0 0 615.17 203.17   L 604.45 203.17   A 0.54 0.53 24.3 0 0 604.10 203.30   Q 603.50 203.86 604.04 204.80" fill="transparent" fill-opacity="0"/>
    <path vector-effect="non-scaling-stroke" d="   M 615.51 204.75   L 604.04 204.80" fill="transparent" fill-opacity="0"/>
    <path vector-effect="non-scaling-stroke" d="   M 627.74 204.77   L 627.57 205.00   A 0.34 0.32 -27.4 0 0 627.50 205.20   L 627.50 263.30   A 0.61 0.61 0.0 0 0 628.11 263.91   L 662.73 263.91   A 0.69 0.69 0.0 0 0 663.42 263.22   L 663.42 254.29   A 0.63 0.62 0.0 0 0 662.79 253.67   L 640.25 253.67   A 0.49 0.48 90.0 0 1 639.77 253.18   L 639.77 238.46   A 0.50 0.50 0.0 0 1 640.27 237.96   L 659.74 237.96   A 0.86 0.86 0.0 0 0 660.60 237.10   L 660.60 229.83   A 0.88 0.88 0.0 0 0 659.72 228.95   L 640.15 228.95   A 0.38 0.38 0.0 0 1 639.77 228.57   L 639.77 214.26   A 0.50 0.49 -17.6 0 1 639.99 213.85   Q 640.25 213.68 640.29 213.84" fill="transparent" fill-opacity="0"/>
    <path vector-effect="non-scaling-stroke" d="   M 640.29 213.84   Q 651.22 213.64 662.15 213.84   Q 662.94 213.86 663.21 213.47   Q 663.54 213.02 663.31 212.31" fill="transparent" fill-opacity="0"/>
    <path vector-effect="non-scaling-stroke" d="   M 663.31 212.31   L 663.47 204.98" fill="transparent" fill-opacity="0"/>
    <path vector-effect="non-scaling-stroke" d="   M 663.47 204.98   Q 664.02 203.70 662.79 203.17   A 1.03 0.89 -30.8 0 0 662.45 203.11   L 628.24 203.35   A 0.50 0.50 0.0 0 0 627.75 203.75   Q 627.66 204.19 627.74 204.77" fill="transparent" fill-opacity="0"/>
    <path vector-effect="non-scaling-stroke" d="   M 663.47 204.98   L 627.74 204.77" fill="transparent" fill-opacity="0"/>
    <path vector-effect="non-scaling-stroke" d="   M 663.31 212.31   Q 652.13 213.37 640.73 212.75   Q 640.01 212.71 640.29 213.84" fill="transparent" fill-opacity="0"/>
    <path vector-effect="non-scaling-stroke" d="   M 215.90 204.83   Q 215.80 204.42 215.48 204.83   A 0.82 0.81 64.1 0 0 215.31 205.33   L 215.31 263.37   A 0.54 0.54 0.0 0 0 215.85 263.91   L 247.61 263.91   A 0.46 0.46 0.0 0 0 248.07 263.45   L 248.07 254.37   A 0.45 0.45 0.0 0 0 247.62 253.92   L 227.96 253.92   A 0.49 0.48 89.4 0 1 227.48 253.44   L 227.32 204.87" fill="transparent" fill-opacity="0"/>
    <path vector-effect="non-scaling-stroke" d="   M 227.32 204.87   Q 227.89 204.54 227.47 203.73   A 1.03 1.03 0.0 0 0 226.56 203.18   L 216.11 203.18   A 0.61 0.61 0.0 0 0 215.51 203.90   Q 215.58 204.29 215.90 204.83" fill="transparent" fill-opacity="0"/>
    <path vector-effect="non-scaling-stroke" d="   M 227.32 204.87   L 215.90 204.83" fill="transparent" fill-opacity="0"/>
    <path vector-effect="non-scaling-stroke" d="   M 242.39 213.96   L 257.51 214.02   A 0.54 0.54 0.0 0 1 258.05 214.56   L 258.05 263.06   A 0.85 0.84 11.6 0 0 258.57 263.84   Q 259.13 264.07 259.92 263.89" fill="transparent" fill-opacity="0"/>
    <path vector-effect="non-scaling-stroke" d="   M 259.92 263.89   L 271.22 263.90   A 0.42 0.42 0.0 0 0 271.64 263.48   L 271.64 214.30   A 0.57 0.56 -0.0 0 1 272.21 213.74   L 287.01 213.74   A 1.36 1.35 89.6 0 0 288.36 212.36   L 288.27 207.28" fill="transparent" fill-opacity="0"/>
    <path vector-effect="non-scaling-stroke" d="   M 288.27 207.28   Q 288.96 205.15 287.87 204.09   A 1.26 1.23 -20.7 0 0 287.04 203.73   Q 264.95 202.81 242.93 203.41   A 0.46 0.46 0.0 0 0 242.49 203.87   L 242.39 213.96" fill="transparent" fill-opacity="0"/>
    <path vector-effect="non-scaling-stroke" d="   M 288.27 207.28   Q 288.67 204.53 285.97 204.57   Q 253.92 204.93 243.51 204.83   A 0.87 0.86 7.3 0 0 242.67 205.47   Q 242.21 207.16 242.62 209.01" fill="transparent" fill-opacity="0"/>
    <path vector-effect="non-scaling-stroke" d="   M 242.62 209.01   L 242.39 213.96" fill="transparent" fill-opacity="0"/>
    <path vector-effect="non-scaling-stroke" d="   M 259.92 263.89   Q 259.90 240.01 259.94 216.12   Q 259.94 214.51 259.59 213.71   Q 259.02 212.43 257.67 212.42   Q 249.92 212.32 243.52 212.40   A 0.66 0.66 0.0 0 1 242.86 211.79   L 242.62 209.01" fill="transparent" fill-opacity="0"/>
    <path vector-effect="non-scaling-stroke" d="   M 422.15 205.21   L 422.12 263.38   A 0.59 0.59 0.0 0 0 422.71 263.97   L 435.08 263.97   A 0.68 0.67 90.0 0 0 435.75 263.29   L 435.75 241.52   A 0.78 0.77 84.6 0 1 436.37 240.76   Q 438.97 240.23 441.45 240.94" fill="transparent" fill-opacity="0"/>
    <path vector-effect="non-scaling-stroke" d="   M 441.45 240.94   L 453.93 262.80   A 2.16 2.15 75.1 0 0 455.80 263.89   L 468.43 263.89   A 0.67 0.67 0.0 0 0 468.85 262.70   C 466.91 261.13 466.07 258.56 464.44 255.85   Q 462.31 252.30 454.81 240.52   A 1.13 1.12 64.7 0 1 455.40 238.85   C 466.56 235.15 471.61 224.11 466.04 213.78   Q 461.97 206.22 451.56 204.62" fill="transparent" fill-opacity="0"/>
    <path vector-effect="non-scaling-stroke" d="   M 451.56 204.62   Q 437.66 202.84 423.40 203.21   A 1.05 1.05 0.0 0 0 422.58 203.66   Q 422.17 204.26 422.15 205.21" fill="transparent" fill-opacity="0"/>
    <path vector-effect="non-scaling-stroke" d="   M 451.56 204.62   L 423.69 205.22" fill="transparent" fill-opacity="0"/>
    <path vector-effect="non-scaling-stroke" d="   M 423.69 205.22   L 422.15 205.21" fill="transparent" fill-opacity="0"/>
    <path vector-effect="non-scaling-stroke" d="   M 441.45 240.94   Q 438.63 238.32 434.93 239.88   A 0.85 0.83 79.2 0 0 434.41 240.66   L 434.41 261.93   A 1.85 1.84 90.0 0 1 432.57 263.78   L 425.17 263.78   A 1.55 1.55 0.0 0 1 423.62 262.22   L 423.69 205.22" fill="transparent" fill-opacity="0"/>
    <path vector-effect="non-scaling-stroke" d="   M 577.71 204.43   L 558.55 246.78   A 0.36 0.36 0.0 0 1 557.90 246.78   L 538.74 205.31   A 1.49 1.49 0.0 0 0 537.39 204.45   L 524.80 204.45   A 0.86 0.85 -0.0 0 0 523.94 205.30   L 523.94 263.25   A 0.66 0.65 0.0 0 0 524.60 263.90   L 535.60 263.90   A 0.59 0.59 0.0 0 0 536.19 263.31   L 536.18 226.64   A 0.72 0.72 0.0 0 1 537.09 225.95   Q 537.29 226.02 537.47 226.54   Q 539.73 232.96 542.56 238.55   C 546.47 246.30 547.82 249.80 551.38 257.88   Q 552.11 259.54 553.15 263.31   A 0.77 0.76 -7.4 0 0 553.89 263.88   L 562.23 263.88   A 0.80 0.78 -77.8 0 0 562.95 263.40   L 578.59 226.83   A 0.48 0.48 0.0 0 1 579.51 227.02   L 579.51 263.29   A 0.63 0.63 0.0 0 0 580.14 263.92   L 591.19 263.92   A 0.62 0.62 0.0 0 0 591.81 263.30   L 591.54 204.62" fill="transparent" fill-opacity="0"/>
    <path vector-effect="non-scaling-stroke" d="   M 591.54 204.62   Q 591.80 203.90 591.45 203.47   A 0.51 0.50 -19.3 0 0 591.06 203.29   Q 583.56 203.18 577.71 204.43" fill="transparent" fill-opacity="0"/>
    <path vector-effect="non-scaling-stroke" d="   M 591.54 204.62   L 577.71 204.43" fill="transparent" fill-opacity="0"/>
    <path vector-effect="non-scaling-stroke" d="   M 673.17 204.99   L 673.42 263.14   A 0.75 0.75 0.0 0 0 674.17 263.89   L 684.47 263.89   A 1.20 1.20 0.0 0 0 685.67 262.69   L 685.67 241.57   A 1.19 1.19 0.0 0 1 686.64 240.40   Q 689.45 239.89 691.49 240.60   A 2.39 2.35 84.4 0 1 692.75 241.65   L 705.01 262.90   A 2.04 2.04 0.0 0 0 706.77 263.91   L 719.03 263.91   A 0.59 0.59 0.0 0 0 719.53 263.00   L 705.54 240.37   A 0.93 0.93 0.0 0 1 706.04 239.00   C 712.92 236.69 717.93 231.82 718.71 224.24   Q 719.65 215.15 713.10 209.17   Q 712.41 208.54 709.45 207.28   A 0.66 0.65 -83.4 0 1 709.07 206.79   Q 709.04 206.67 708.99 206.50   Q 708.92 206.26 708.44 206.16   Q 705.60 205.59 703.15 204.57" fill="transparent" fill-opacity="0"/>
    <path vector-effect="non-scaling-stroke" d="   M 703.15 204.57   Q 687.18 202.41 674.25 203.13   Q 672.75 203.21 673.17 204.99" fill="transparent" fill-opacity="0"/>
    <path vector-effect="non-scaling-stroke" d="   M 703.15 204.57   L 673.17 204.99" fill="transparent" fill-opacity="0"/>
    <path vector-effect="non-scaling-stroke" d="   M 299.27 253.02   L 325.08 252.92" fill="transparent" fill-opacity="0"/>
    <path vector-effect="non-scaling-stroke" d="   M 325.08 252.92   L 326.74 259.81   A 1.38 1.34 8.4 0 0 327.38 260.65   Q 328.65 261.38 328.32 263.18   A 0.65 0.64 5.2 0 0 328.96 263.94   L 340.41 263.94   A 0.63 0.62 85.6 0 0 341.02 263.22   L 340.16 257.79   A 1.01 1.01 0.0 0 0 339.57 257.03   Q 338.40 256.53 338.13 254.94   Q 337.34 250.28 336.09 247.16   Q 335.86 246.56 335.63 246.42   A 0.62 0.55 -86.6 0 1 335.41 246.14   L 319.88 204.97   A 1.35 1.35 0.0 0 0 318.62 204.10   L 306.15 204.10   A 1.31 1.30 -79.6 0 0 304.93 204.95   Q 291.54 240.43 286.55 253.55   Q 285.97 255.05 285.38 258.06   A 0.09 0.09 0.0 0 1 285.31 258.13   L 285.01 258.18   A 0.56 0.54 -85.7 0 0 284.56 258.58   L 283.27 262.96   A 0.75 0.75 0.0 0 0 283.99 263.93   L 295.15 263.93   A 0.83 0.83 0.0 0 0 295.98 263.07   Q 295.95 262.26 296.37 262.22   A 1.20 1.15 -85.8 0 0 297.41 261.28   L 299.27 253.02" fill="transparent" fill-opacity="0"/>
    <path vector-effect="non-scaling-stroke" d="   M 325.08 252.92   Q 325.19 251.66 324.67 251.23   A 0.30 0.30 0.0 0 0 324.49 251.17   L 300.48 251.17   A 1.13 1.13 0.0 0 0 299.35 252.20   L 299.27 253.02" fill="transparent" fill-opacity="0"/>
    <path vector-effect="non-scaling-stroke" d="   M 167.37 251.97   Q 174.58 252.71 183.75 252.67   Q 188.48 252.65 191.33 252.03" fill="transparent" fill-opacity="0"/>
    <path vector-effect="non-scaling-stroke" d="   M 191.33 252.03   L 195.04 263.34   A 0.75 0.74 80.8 0 0 195.75 263.86   L 208.17 263.86   A 0.55 0.55 0.0 0 0 208.72 263.31   L 208.72 262.53   A 0.40 0.40 0.0 0 0 208.26 262.14   Q 207.55 262.25 207.27 261.25   Q 206.65 258.97 206.22 257.68   Q 205.07 254.21 188.68 210.15   Q 188.10 208.59 187.68 206.95   A 3.15 3.15 0.0 0 0 185.15 204.63   Q 179.77 203.73 172.68 204.42   A 2.06 2.06 0.0 0 0 170.86 206.11   C 170.27 209.30 169.20 211.34 167.94 214.67   Q 156.16 245.70 149.79 263.13   A 0.59 0.59 0.0 0 0 150.35 263.92   L 161.31 263.89   A 1.14 1.13 -72.4 0 0 162.24 263.40   Q 162.41 263.15 162.45 262.56   A 0.51 0.51 0.0 0 1 162.96 262.09   Q 163.68 262.10 163.85 261.25   Q 164.63 257.34 165.41 254.55   A 1.17 1.16 84.7 0 1 166.00 253.83   Q 166.97 253.33 167.37 251.97" fill="transparent" fill-opacity="0"/>
    <path vector-effect="non-scaling-stroke" d="   M 191.33 252.03   Q 179.84 250.87 167.37 251.97" fill="transparent" fill-opacity="0"/>
    <path vector-effect="non-scaling-stroke" d="   M 371.38 204.84   Q 370.85 234.41 371.17 263.00   Q 371.19 264.12 372.78 263.94" fill="transparent" fill-opacity="0"/>
    <path vector-effect="non-scaling-stroke" d="   M 372.78 263.94   L 383.95 264.05" fill="transparent" fill-opacity="0"/>
    <path vector-effect="non-scaling-stroke" d="   M 383.95 264.05   Q 385.71 252.88 384.48 240.91" fill="transparent" fill-opacity="0"/>
    <path vector-effect="non-scaling-stroke" d="   M 384.48 240.91   Q 389.11 240.67 393.36 240.66   C 400.18 240.64 407.79 239.11 412.64 233.83   C 417.57 228.48 417.10 219.27 414.53 212.99   A 1.76 1.75 3.8 0 0 413.77 212.13   Q 412.55 211.42 411.93 209.85   A 1.30 1.28 -89.6 0 0 411.23 209.13   L 406.95 207.30   A 0.70 0.68 2.3 0 1 406.56 206.89   Q 406.51 206.72 406.48 206.62   A 1.00 1.00 0.0 0 0 405.77 205.91   Q 402.17 204.97 394.00 204.68   Q 380.62 204.20 371.38 204.84" fill="transparent" fill-opacity="0"/>
    <path vector-effect="non-scaling-stroke" d="   M 384.48 240.91   Q 384.18 240.96 383.88 241.14   A 0.97 0.95 -13.6 0 0 383.40 241.91   Q 382.60 252.81 383.95 264.05" fill="transparent" fill-opacity="0"/>
    <path vector-effect="non-scaling-stroke" d="   M 372.78 263.94   Q 373.06 242.04 372.84 220.25   Q 372.76 212.99 371.38 204.84" fill="transparent" fill-opacity="0"/>
    <path vector-effect="non-scaling-stroke" d="   M 208.33 549.47   L 208.26 513.60" fill="transparent" fill-opacity="0"/>
    <path vector-effect="non-scaling-stroke" d="   M 208.26 513.60   L 210.55 485.63   A 0.21 0.21 0.0 0 1 210.61 485.51   L 211.19 484.97   A 0.67 0.62 -19.5 0 0 211.39 484.59   L 213.60 466.62   A 1.51 1.49 -25.2 0 1 213.85 465.94   Q 215.10 464.00 215.38 461.31   A 1.25 1.25 0.0 0 1 216.16 460.28   Q 221.83 457.99 227.34 455.67   Q 255.00 444.07 282.70 437.42   A 1.25 1.22 19.2 0 0 283.17 437.20   Q 283.75 436.77 284.26 436.67   Q 289.58 435.54 297.55 434.28   A 0.51 0.47 10.2 0 0 297.86 434.08   L 298.21 433.54   A 0.53 0.47 -74.7 0 1 298.55 433.32   L 309.89 431.52   A 0.63 0.62 23.8 0 0 310.13 431.43   L 311.49 430.59   A 1.27 1.23 25.0 0 1 312.04 430.40   Q 322.65 429.13 329.75 428.39   Q 330.37 428.33 330.45 427.69   A 0.39 0.39 0.0 0 1 330.81 427.35   L 350.60 425.56   A 1.56 1.21 -52.0 0 0 350.88 425.49   Q 352.24 424.94 352.83 424.87   Q 362.53 423.83 373.48 423.59   A 0.82 0.82 0.0 0 0 374.07 422.23   Q 346.90 391.66 313.76 368.00   Q 310.93 365.97 307.77 366.82   Q 269.02 377.25 233.70 397.20   Q 161.66 437.90 118.23 508.21   Q 114.21 514.71 113.83 517.11   Q 109.90 541.32 111.21 566.02   Q 111.47 570.85 112.41 577.94   Q 113.57 586.73 113.68 589.88   Q 113.70 590.41 115.76 602.17   Q 116.50 606.43 116.89 608.20   Q 130.65 671.05 171.98 721.58   C 196.32 751.35 226.59 775.14 260.34 793.38   Q 274.86 801.22 300.08 810.50   Q 301.54 811.04 304.33 811.81   C 307.32 812.63 309.25 813.68 312.24 814.40   Q 316.07 815.32 316.24 815.31   A 0.65 0.65 0.0 0 1 316.86 815.65   Q 317.23 816.34 318.24 816.51   Q 323.18 817.36 328.50 818.43   Q 329.16 818.56 329.39 818.99   A 0.61 0.60 -7.0 0 0 329.81 819.31   Q 336.78 820.71 344.24 821.42   Q 345.12 821.50 345.95 822.42   A 1.07 1.03 -17.6 0 0 346.63 822.76   L 370.31 825.09   A 0.93 0.86 61.2 0 1 370.67 825.21   Q 371.65 825.82 373.99 825.98   Q 379.88 826.39 382.45 826.32   A 0.55 0.55 0.0 0 0 382.70 825.29   Q 361.78 813.85 341.16 797.87   Q 332.73 791.34 318.31 778.21   C 301.07 762.51 286.79 746.12 272.92 727.85   C 250.27 698.02 233.23 663.54 222.25 628.07   Q 219.92 620.55 217.32 609.88   Q 213.66 594.91 213.16 591.46   Q 212.13 584.36 211.50 580.03   C 211.20 577.99 210.13 574.75 209.94 572.00   Q 209.15 560.54 208.33 549.47" fill="transparent" fill-opacity="0"/>
    <path vector-effect="non-scaling-stroke" d="   M 208.26 513.60   Q 205.74 531.54 208.33 549.47" fill="transparent" fill-opacity="0"/>
    <path vector-effect="non-scaling-stroke" d="   M 445.25 425.42   Q 444.69 425.56 444.03 425.50   A 0.08 0.03 -41.1 0 0 443.96 425.53   Q 443.95 425.54 443.94 425.55   A 0.02 0.01 6.3 0 0 443.96 425.56   Q 452.38 426.23 462.35 427.20   A 1.33 1.26 57.9 0 1 462.70 427.29   L 465.11 428.28   A 2.04 2.04 0.0 0 0 465.67 428.42   Q 481.23 430.13 484.68 430.67   Q 485.61 430.82 487.23 431.74   A 1.46 1.04 54.5 0 0 487.49 431.83   L 497.77 433.50   A 1.34 1.33 -13.1 0 1 498.63 434.03   Q 498.64 434.04 498.79 434.23   A 0.78 0.78 0.0 0 0 499.30 434.54   L 511.02 436.58   A 0.66 0.58 62.4 0 1 511.23 436.66   C 514.25 438.40 517.13 438.61 522.57 439.62   A 2.39 2.30 66.4 0 1 523.46 439.99   C 526.09 441.78 529.81 441.91 533.13 443.19   C 536.52 444.51 539.13 445.03 542.55 446.08   A 0.22 0.15 86.9 0 1 542.66 446.22   Q 542.67 446.26 542.68 446.30   A 0.35 0.09 17.2 0 0 542.95 446.47   Q 556.99 451.00 566.42 455.10   Q 570.90 457.04 573.58 457.54   A 0.08 0.07 16.2 0 1 573.64 457.64   L 573.43 458.21   A 0.56 0.56 0.0 0 0 573.86 458.95   L 578.86 459.82   A 0.85 0.84 -88.2 0 1 579.55 460.56   Q 580.02 465.16 581.26 466.65   A 0.76 0.73 21.3 0 1 581.44 467.04   L 583.52 483.28   A 1.11 1.09 22.0 0 0 583.77 483.85   Q 584.25 484.43 584.33 485.01   Q 585.23 491.00 586.89 516.00   Q 587.97 532.22 587.00 545.25   Q 585.65 563.56 585.56 565.27   Q 585.28 571.25 583.87 578.68   Q 583.73 579.41 581.66 592.02   Q 579.53 604.99 573.52 625.31   Q 564.82 654.71 550.95 681.56   C 545.72 691.69 538.37 703.48 533.00 711.75   Q 509.06 748.61 477.08 777.83   Q 461.77 791.82 453.30 798.29   Q 433.45 813.46 412.39 825.30   A 0.57 0.57 0.0 0 0 412.68 826.36   C 423.21 826.10 433.87 824.41 444.33 823.11   C 448.47 822.60 451.90 821.49 455.87 820.92   Q 459.03 820.46 464.52 819.19   Q 493.44 812.50 520.61 800.18   C 531.24 795.36 543.42 788.50 551.83 783.33   Q 601.64 752.73 635.04 705.78   Q 665.70 662.67 677.74 609.96   C 678.64 605.99 678.86 602.74 679.67 599.22   Q 680.90 593.93 681.20 591.20   Q 683.28 572.44 683.58 569.26   Q 684.54 559.23 683.71 538.28   Q 683.59 535.10 682.64 528.78   Q 682.49 527.77 681.68 519.27   A 12.40 12.30 -61.3 0 0 680.40 514.84   Q 677.47 509.09 671.56 500.13   Q 632.51 440.87 572.46 403.76   C 546.62 387.80 519.29 376.41 488.08 366.93   Q 484.41 365.81 481.73 367.71   Q 448.27 391.36 421.27 421.78   Q 420.96 422.13 420.62 422.69   A 0.81 0.80 -75.0 0 0 421.32 423.91   Q 435.19 423.68 445.24 425.20   A 0.11 0.11 0.0 0 1 445.25 425.42" fill="transparent" fill-opacity="0"/>
    <path vector-effect="non-scaling-stroke" d="   M 397.50 627.81   C 398.48 627.81 400.11 627.03 401.08 626.59   C 419.27 618.33 436.94 606.40 448.18 589.97   C 456.39 577.96 460.36 563.22 456.37 549.55   C 451.40 532.49 435.38 521.94 417.69 527.26   C 410.14 529.53 404.42 533.63 398.70 538.93   Q 398.28 539.31 397.51 539.31   Q 396.73 539.31 396.31 538.93   C 390.60 533.63 384.88 529.53 377.33 527.25   C 359.64 521.93 343.62 532.48 338.64 549.53   C 334.65 563.20 338.61 577.94 346.82 589.96   C 358.06 606.39 375.72 618.32 393.91 626.59   C 394.88 627.03 396.51 627.81 397.50 627.81" fill="transparent" fill-opacity="0"/>
    <path vector-effect="non-scaling-stroke" d="   M 498.80 857.23   Q 502.93 859.41 508.93 858.67" fill="transparent" fill-opacity="0"/>
    <path vector-effect="non-scaling-stroke" d="   M 508.93 858.67   Q 534.04 860.42 559.52 858.86" fill="transparent" fill-opacity="0"/>
    <path vector-effect="non-scaling-stroke" d="   M 559.52 858.86   Q 566.87 859.38 573.00 857.06" fill="transparent" fill-opacity="0"/>
    <path vector-effect="non-scaling-stroke" d="   M 573.00 857.06   L 589.74 855.24   A 1.51 1.46 -68.1 0 0 590.57 854.87   Q 591.29 854.23 591.77 854.15   Q 598.89 853.06 603.27 852.37   A 1.65 1.63 -72.7 0 0 604.19 851.88   Q 604.81 851.23 605.62 851.10   Q 611.36 850.16 615.17 849.05   Q 637.68 842.52 660.33 832.50   C 664.75 830.55 668.96 828.67 671.50 824.72   Q 695.51 787.45 708.15 743.92   Q 710.72 735.04 713.54 722.62   C 714.51 718.36 714.95 714.16 715.47 710.02   Q 715.58 709.13 716.45 707.08   A 3.73 3.57 60.8 0 0 716.70 706.12   Q 718.03 694.30 718.63 680.66   A 0.01 0.01 0.0 0 1 718.65 680.67   Q 718.66 680.68 718.67 680.69   A 0.30 0.28 -60.7 0 1 718.70 680.82   Q 718.73 681.97 718.83 683.11   L 718.84 683.11   A 0.02 0.01 -83.7 0 0 718.85 683.09   Q 718.76 681.87 719.21 680.74   A 2.27 2.24 -33.4 0 0 719.35 680.08   Q 720.12 665.82 719.87 649.48   C 719.82 646.79 719.39 644.90 719.29 642.56   A 0.23 0.23 0.0 0 0 718.85 642.46   Q 672.63 729.85 588.16 780.69   C 572.26 790.26 561.38 796.37 545.77 802.98   Q 510.83 817.76 476.33 825.23   C 470.74 826.44 466.15 826.82 462.07 827.95   Q 458.14 829.04 451.36 829.63   C 443.98 830.28 437.28 831.91 429.95 832.27   Q 429.69 832.28 415.64 833.12   Q 414.93 833.16 414.03 833.61   A 0.23 0.23 0.0 0 0 414.04 834.03   C 428.76 839.92 442.81 845.22 457.89 849.38   Q 464.89 851.31 466.01 851.27   A 1.05 1.04 68.2 0 1 466.84 851.63   Q 467.35 852.20 468.77 852.47   Q 475.09 853.65 483.84 854.57   A 0.92 0.91 82.6 0 1 484.60 855.16   Q 484.61 855.20 484.62 855.21   A 1.05 1.02 -8.6 0 0 485.47 855.82   L 498.80 857.23" fill="transparent" fill-opacity="0"/>
    <path vector-effect="non-scaling-stroke" d="   M 573.00 857.06   L 560.72 858.12   Q 560.70 858.12 560.68 858.12   L 560.67 858.12   A 0.02 0.01 2.7 0 0 560.70 858.13   Q 561.10 858.12 561.58 858.14   A 0.18 0.18 0.0 0 1 561.60 858.50   L 559.52 858.86" fill="transparent" fill-opacity="0"/>
    <path vector-effect="non-scaling-stroke" d="   M 508.93 858.67   Q 504.26 856.75 498.80 857.23" fill="transparent" fill-opacity="0"/>
    <path vector-effect="non-scaling-stroke" d="   M 191.03 851.92   A 0.44 0.44 0.0 0 0 191.23 852.72   L 208.10 854.38   A 0.78 0.77 79.9 0 1 208.73 854.82   Q 209.16 855.72 209.76 855.81   Q 212.39 856.23 228.23 857.59   Q 229.11 857.66 229.92 858.20   A 1.81 1.72 -24.2 0 0 230.77 858.50   Q 257.82 860.55 285.50 858.75   Q 286.79 858.66 287.88 858.08   A 2.29 2.24 28.3 0 1 288.71 857.84   Q 302.78 856.59 309.76 855.66   Q 310.42 855.57 310.75 855.13   A 0.67 0.64 12.9 0 1 311.19 854.87   Q 314.14 854.38 322.75 852.98   C 325.83 852.48 328.02 851.40 330.91 850.91   Q 332.70 850.61 337.06 849.40   Q 359.05 843.30 380.36 834.11   A 0.52 0.51 -54.9 0 0 380.19 833.12   Q 365.90 832.32 355.01 831.59   Q 354.44 831.56 353.75 830.84   A 1.20 1.19 70.3 0 0 353.00 830.48   L 335.97 828.80   A 1.04 0.98 67.0 0 1 335.40 828.55   Q 334.46 827.70 334.12 827.65   Q 332.12 827.34 321.74 826.07   Q 320.80 825.95 319.63 825.12   A 2.15 2.00 -20.6 0 0 318.75 824.76   Q 311.67 823.63 309.21 823.03   Q 273.24 814.25 240.97 799.41   C 231.33 794.97 222.59 789.90 212.32 783.95   Q 124.01 732.79 76.14 642.60   A 0.22 0.22 0.0 0 0 75.72 642.69   Q 75.02 655.15 75.25 671.34   Q 75.34 677.62 76.41 684.64   Q 76.80 687.26 77.50 697.97   C 77.93 704.53 79.39 709.92 80.32 716.01   Q 81.20 721.81 83.02 729.42   Q 95.17 780.29 123.16 824.32   Q 125.52 828.04 129.01 829.76   Q 147.14 838.68 168.79 845.54   A 1.77 1.58 71.0 0 1 169.36 845.86   Q 170.07 846.43 171.06 846.64   Q 180.91 848.66 182.35 849.03   A 0.78 0.75 -7.2 0 1 182.83 849.39   Q 182.91 849.54 183.03 849.70   A 1.02 0.99 -12.2 0 0 183.69 850.11   L 190.97 851.30   A 0.39 0.39 0.0 0 1 191.29 851.74   Q 191.29 851.75 191.03 851.92" fill="transparent" fill-opacity="0"/>
    <path vector-effect="non-scaling-stroke" d="   M 638.34 867.05   A 0.28 0.28 0.0 0 0 638.07 866.58   C 632.14 868.08 626.81 868.54 619.48 869.80   C 608.97 871.60 598.64 872.03 588.76 872.74   A 2.11 2.03 -55.5 0 0 588.27 872.84   Q 586.90 873.34 585.53 873.43   C 570.88 874.41 554.74 874.29 539.28 872.56   Q 534.65 872.04 524.78 871.47   C 516.39 870.99 506.22 868.51 498.26 867.81   Q 498.07 867.79 496.94 867.17   A 2.96 2.92 -25.5 0 0 496.16 866.90   L 483.56 864.71   A 2.89 2.82 62.4 0 1 482.83 864.47   Q 480.95 863.54 480.22 863.47   Q 475.74 862.98 465.36 859.99   Q 438.56 852.28 413.45 841.06   A 0.44 0.44 0.0 0 0 412.90 841.70   Q 413.86 843.19 416.01 845.76   Q 467.92 908.09 544.29 934.22   Q 547.05 935.16 549.91 933.69   Q 600.06 907.85 638.34 867.05" fill="transparent" fill-opacity="0"/>
    <path vector-effect="non-scaling-stroke" d="   M 156.48 866.93   Q 194.77 907.80 244.95 933.69   Q 247.81 935.17 250.57 934.23   Q 327.03 908.12 379.03 845.77   Q 381.18 843.20 382.14 841.71   A 0.44 0.44 0.0 0 0 381.59 841.07   Q 356.45 852.28 329.62 859.98   Q 319.23 862.97 314.75 863.46   Q 314.02 863.53 312.13 864.46   A 2.89 2.82 -62.4 0 1 311.40 864.70   L 298.79 866.88   A 2.96 2.92 25.5 0 0 298.01 867.15   Q 296.88 867.77 296.69 867.79   C 288.72 868.48 278.54 870.96 270.14 871.43   Q 260.26 872.00 255.63 872.52   C 240.15 874.24 224.00 874.35 209.34 873.35   Q 207.96 873.26 206.59 872.76   A 2.11 2.04 55.5 0 0 206.10 872.66   C 196.22 871.94 185.88 871.51 175.36 869.70   C 168.02 868.43 162.69 867.97 156.75 866.46   A 0.28 0.28 0.0 0 0 156.48 866.93" fill="transparent" fill-opacity="0"/>
    <path vector-effect="non-scaling-stroke" d="   M 367.83 1046.80   Q 368.74 1046.48 369.26 1046.97   A 0.21 0.20 -53.6 0 0 369.58 1046.92   Q 369.67 1046.74 369.69 1046.58   Q 369.72 1046.29 369.50 1046.24   Q 368.23 1045.94 367.64 1046.50   A 0.18 0.18 0.0 0 0 367.83 1046.80" fill="transparent" fill-opacity="0"/>
    <path vector-effect="non-scaling-stroke" d="   M 0.00 639.63   Q 0.42 638.85 0.00 638.74" fill="transparent" fill-opacity="0"/>
    <path vector-effect="non-scaling-stroke" d="   M 0.00 633.63   Q 0.43 632.83 0.00 632.74" fill="transparent" fill-opacity="0"/>
    <path vector-effect="non-scaling-stroke" d="   M 0.00 632.64   Q 0.42 631.57 0.00 630.72" fill="transparent" fill-opacity="0"/>
    <path vector-effect="non-scaling-stroke" d="   M 0.00 625.61   Q 0.41 623.20 0.00 620.77" fill="transparent" fill-opacity="0"/>
    <path vector-effect="non-scaling-stroke" d="   M 0.00 617.64   Q 0.41 615.69 0.00 613.72" fill="transparent" fill-opacity="0"/>
    <path vector-effect="non-scaling-stroke" d="   M 0.00 613.64   Q 0.41 612.84 0.00 612.74" fill="transparent" fill-opacity="0"/>
    <path vector-effect="non-scaling-stroke" d="   M 0.00 609.61   L 0.00 604.03" fill="transparent" fill-opacity="0"/>
    <path vector-effect="non-scaling-stroke" d="   M 0.00 601.61   L 0.00 594.78" fill="transparent" fill-opacity="0"/>
    <path vector-effect="non-scaling-stroke" d="   M 0.00 594.61   L 0.00 588.03" fill="transparent" fill-opacity="0"/>
    <path vector-effect="non-scaling-stroke" d="   M 0.00 587.63   Q 0.43 586.82 0.00 586.74" fill="transparent" fill-opacity="0"/>
    <path vector-effect="non-scaling-stroke" d="   M 0.00 585.61   Q 0.41 583.20 0.00 580.78" fill="transparent" fill-opacity="0"/>
    <path vector-effect="non-scaling-stroke" d="   M 0.00 576.63   Q 0.42 575.82 0.00 575.74" fill="transparent" fill-opacity="0"/>
    <path vector-effect="non-scaling-stroke" d="   M 0.00 575.64   Q 0.41 574.83 0.00 574.74" fill="transparent" fill-opacity="0"/>
    <path vector-effect="non-scaling-stroke" d="   M 0.00 568.63   Q 0.41 567.58 0.00 566.72" fill="transparent" fill-opacity="0"/>
    <path vector-effect="non-scaling-stroke" d="   M 0.00 560.64   Q 0.41 559.17 0.00 557.72" fill="transparent" fill-opacity="0"/>
    <path vector-effect="non-scaling-stroke" d="   M 0.00 557.63   Q 0.42 556.83 0.00 556.74" fill="transparent" fill-opacity="0"/>
    <path vector-effect="non-scaling-stroke" d="   M 0.00 554.64   Q 0.43 553.81 0.00 553.74" fill="transparent" fill-opacity="0"/>
    <path vector-effect="non-scaling-stroke" d="   M 0.00 553.60   L 0.00 533.79" fill="transparent" fill-opacity="0"/>
    <path vector-effect="non-scaling-stroke" d="   M 0.00 533.63   Q 0.40 532.84 0.00 532.74" fill="transparent" fill-opacity="0"/>
    <path vector-effect="non-scaling-stroke" d="   M 0.00 532.63   Q 0.41 531.81 0.00 531.74" fill="transparent" fill-opacity="0"/>
    <path vector-effect="non-scaling-stroke" d="   M 0.00 531.63   Q 0.40 530.83 0.00 530.74" fill="transparent" fill-opacity="0"/>
    <path vector-effect="non-scaling-stroke" d="   M 0.00 529.63   Q 0.40 528.82 0.00 528.74" fill="transparent" fill-opacity="0"/>
    <path vector-effect="non-scaling-stroke" d="   M 0.00 528.63   Q 0.39 527.57 0.00 526.75" fill="transparent" fill-opacity="0"/>
    <path vector-effect="non-scaling-stroke" d="   M 0.00 184.62   Q 0.42 183.83 0.00 183.74" fill="transparent" fill-opacity="0"/>
    <path vector-effect="non-scaling-stroke" d="   M 0.00 183.64   Q 0.43 182.80 0.00 182.74" fill="transparent" fill-opacity="0"/>
    <path vector-effect="non-scaling-stroke" d="   M 0.00 176.64   Q 0.40 175.57 0.00 174.72" fill="transparent" fill-opacity="0"/>
    <path vector-effect="non-scaling-stroke" d="   M 0.00 174.63   Q 0.42 173.83 0.00 173.74" fill="transparent" fill-opacity="0"/>
    <path vector-effect="non-scaling-stroke" d="   M 0.00 172.63   Q 0.42 171.82 0.00 171.74" fill="transparent" fill-opacity="0"/>
    <path vector-effect="non-scaling-stroke" d="   M 0.00 169.64   Q 0.43 168.80 0.00 168.74" fill="transparent" fill-opacity="0"/>
    <path vector-effect="non-scaling-stroke" d="   M 0.00 168.61   L 0.00 162.77" fill="transparent" fill-opacity="0"/>
    <path vector-effect="non-scaling-stroke" d="   M 0.00 162.63   Q 0.42 161.83 0.00 161.74" fill="transparent" fill-opacity="0"/>
    <path vector-effect="non-scaling-stroke" d="   M 0.00 161.61   Q 0.41 159.19 0.00 156.77" fill="transparent" fill-opacity="0"/>
    <path vector-effect="non-scaling-stroke" d="   M 0.00 156.64   Q 0.39 155.68 0.00 154.97" fill="transparent" fill-opacity="0"/>
    <path vector-effect="non-scaling-stroke" d="   M 0.00 154.63   Q 0.42 153.82 0.00 153.74" fill="transparent" fill-opacity="0"/>
    <path vector-effect="non-scaling-stroke" d="   M 0.00 153.61   L 0.00 147.03" fill="transparent" fill-opacity="0"/>
    <path vector-effect="non-scaling-stroke" d="   M 0.00 145.64   Q 0.44 144.80 0.00 144.74" fill="transparent" fill-opacity="0"/>
    <path vector-effect="non-scaling-stroke" d="   M 0.00 144.61   L 0.00 138.77" fill="transparent" fill-opacity="0"/>
    <path vector-effect="non-scaling-stroke" d="   M 0.00 138.60   L 0.00 122.78" fill="transparent" fill-opacity="0"/>
    <path vector-effect="non-scaling-stroke" d="   M 0.00 122.61   L 0.00 114.77" fill="transparent" fill-opacity="0"/>
    <path vector-effect="non-scaling-stroke" d="   M 0.00 114.64   Q 0.42 113.84 0.00 113.74" fill="transparent" fill-opacity="0"/>
    <path vector-effect="non-scaling-stroke" d="   M 0.00 113.64   Q 0.41 111.69 0.00 109.72" fill="transparent" fill-opacity="0"/>
    <path vector-effect="non-scaling-stroke" d="   M 0.00 108.63   Q 0.41 107.83 0.00 107.74" fill="transparent" fill-opacity="0"/>
    <path vector-effect="non-scaling-stroke" d="   M 0.00 104.64   Q 0.41 103.54 0.00 102.74" fill="transparent" fill-opacity="0"/>
    <path vector-effect="non-scaling-stroke" d="   M 201.06 157.46   Q 202.04 157.46 203.00 157.00   C 211.61 152.88 220.11 147.02 224.14 138.30   Q 227.57 130.89 225.13 124.44   Q 220.81 113.03 208.21 116.26   Q 206.85 116.61 201.78 120.58   Q 201.65 120.68 201.44 120.73   Q 201.28 120.76 201.08 120.76   Q 200.87 120.76 200.71 120.73   Q 200.50 120.68 200.37 120.58   Q 195.31 116.60 193.95 116.25   Q 181.35 113.01 177.02 124.42   Q 174.57 130.86 177.99 138.28   C 182.01 147.00 190.51 152.87 199.11 157.00   Q 200.07 157.46 201.06 157.46" fill="transparent" fill-opacity="0"/>
    <path vector-effect="non-scaling-stroke" d="   M 483.14 133.87   Q 482.95 133.70 482.93 133.68   A 2.40 2.28 -77.3 0 1 482.38 132.76   Q 481.08 128.74 477.68 119.34   Q 477.54 118.98 477.30 118.90   A 0.67 0.65 15.5 0 0 476.43 119.38   Q 475.37 124.43 473.48 128.70   C 472.48 130.96 472.41 133.04 471.14 135.35   C 470.06 137.31 469.50 141.28 467.88 144.13   Q 467.27 145.21 466.91 147.35   A 0.49 0.49 0.0 0 0 467.39 147.92   L 486.89 147.92   A 0.66 0.65 -3.8 0 0 487.54 147.18   Q 487.19 144.36 485.76 142.44   A 2.26 2.21 -71.0 0 1 485.38 141.64   L 483.36 134.24   A 0.82 0.76 -77.9 0 0 483.14 133.87" fill="transparent" fill-opacity="0"/>
    <path vector-effect="non-scaling-stroke" d="   M 303.76 242.85   Q 312.26 243.89 320.44 243.46   A 1.21 1.21 0.0 0 0 321.59 242.25   Q 321.59 241.54 321.23 241.28   Q 320.73 240.91 320.50 241.36" fill="transparent" fill-opacity="0"/>
    <path vector-effect="non-scaling-stroke" d="   M 320.50 241.36   Q 319.79 238.11 319.41 237.08   Q 316.63 229.56 312.66 218.71   A 0.37 0.37 0.0 0 0 311.97 218.71   L 304.87 238.13   A 9.80 9.67 -29.4 0 0 304.46 239.56   L 303.76 242.85" fill="transparent" fill-opacity="0"/>
    <path vector-effect="non-scaling-stroke" d="   M 320.50 241.36   Q 320.08 242.35 318.00 242.25   Q 311.60 241.94 303.76 242.85" fill="transparent" fill-opacity="0"/>
    <path vector-effect="non-scaling-stroke" d="   M 170.31 241.76   A 0.67 0.67 0.0 0 0 170.94 242.66   L 187.10 242.63   A 0.67 0.67 0.0 0 0 187.73 241.73   L 179.61 219.44   A 0.67 0.67 0.0 0 0 178.35 219.44   L 170.31 241.76" fill="transparent" fill-opacity="0"/>
    <path vector-effect="non-scaling-stroke" d="   M 399.29 230.37   Q 403.81 227.87 403.77 222.74   Q 403.74 219.18 403.19 217.91   A 1.36 1.33 87.2 0 0 402.39 217.17   Q 401.82 216.98 400.99 215.45   A 1.50 1.48 -6.2 0 0 400.08 214.73   C 395.74 213.51 390.75 213.83 386.31 213.89" fill="transparent" fill-opacity="0"/>
    <path vector-effect="non-scaling-stroke" d="   M 386.31 213.89   Q 384.77 213.48 383.67 214.16   A 0.89 0.88 -16.0 0 0 383.25 214.91   L 383.25 230.09   A 1.66 1.66 0.0 0 0 384.67 231.73   Q 392.53 232.88 399.29 230.37" fill="transparent" fill-opacity="0"/>
    <path vector-effect="non-scaling-stroke" d="   M 386.31 213.89   Q 384.59 213.78 384.64 214.99   Q 384.97 222.36 384.86 229.46   A 1.06 1.05 -90.0 0 0 385.92 230.53   L 399.29 230.37" fill="transparent" fill-opacity="0"/>
    <path vector-effect="non-scaling-stroke" d="   M 435.15 213.97   Q 433.55 222.10 434.46 230.79   A 0.91 0.90 -80.1 0 0 434.97 231.52   Q 435.57 231.80 435.98 231.64" fill="transparent" fill-opacity="0"/>
    <path vector-effect="non-scaling-stroke" d="   M 435.98 231.64   Q 443.63 231.83 447.76 231.27   Q 454.34 230.39 455.13 224.87   C 455.78 220.33 454.53 215.23 449.49 214.26   Q 445.05 213.41 435.15 213.97" fill="transparent" fill-opacity="0"/>
    <path vector-effect="non-scaling-stroke" d="   M 435.98 231.64   Q 436.28 222.54 435.15 213.97" fill="transparent" fill-opacity="0"/>
    <path vector-effect="non-scaling-stroke" d="   M 686.92 231.45   Q 690.77 231.54 697.85 231.27   Q 702.49 231.09 704.83 227.99   A 3.32 3.32 0.0 0 0 705.37 226.91   Q 706.63 222.51 705.27 218.09   A 3.18 3.14 -73.4 0 0 704.71 217.04   C 701.84 213.55 697.76 213.89 692.87 213.81   Q 689.86 213.75 686.63 214.06" fill="transparent" fill-opacity="0"/>
    <path vector-effect="non-scaling-stroke" d="   M 686.63 214.06   Q 685.39 214.06 685.35 215.10   Q 685.20 219.25 685.35 230.37   Q 685.37 231.78 686.92 231.45" fill="transparent" fill-opacity="0"/>
    <path vector-effect="non-scaling-stroke" d="   M 686.63 214.06   L 686.92 231.45" fill="transparent" fill-opacity="0"/>
    <path vector-effect="non-scaling-stroke" d="   M 433.92 1047.01   Q 437.15 1047.36 437.17 1046.43" fill="transparent" fill-opacity="0"/>
    
    <path fill="#0d132b" d="   M 445.56 1046.22   L 437.17 1046.43   Q 431.64 1045.94 426.39 1046.87   Q 430.21 1046.98 433.92 1047.01   L 434.00 1047.48   Q 430.50 1047.65 427.00 1047.71   C 405.91 1048.05 388.45 1048.25 372.29 1047.48   A 0.23 0.23 0.0 0 1 372.07 1047.25   L 372.07 1047.24   A 0.19 0.19 0.0 0 1 372.25 1047.06   L 379.22 1046.67   A 0.02 0.02 0.0 0 0 379.24 1046.64   Q 379.24 1046.63 379.23 1046.62   A 0.02 0.01 0.0 0 0 379.21 1046.61   L 371.51 1046.20   A 0.49 0.47 -64.4 0 0 371.16 1046.33   Q 370.91 1046.55 371.21 1046.97   A 0.61 0.56 -14.9 0 1 370.65 1047.86   Q 369.10 1047.80 364.57 1047.14   A 1.45 1.44 75.5 0 1 363.66 1046.60   Q 363.56 1046.46 363.54 1046.44   A 1.45 1.42 -19.0 0 0 362.49 1045.94   C 357.15 1045.74 349.88 1045.45 343.54 1044.42   C 335.30 1043.09 326.41 1042.30 318.22 1040.55   Q 281.52 1032.72 256.54 1023.46   Q 177.95 994.32 117.80 935.47   Q 94.56 912.73 76.08 887.43   Q 26.63 819.72 9.16 736.89   Q 6.99 726.60 4.42 708.17   A 0.32 0.32 0.0 0 0 4.15 707.91   L 3.88 707.89   A 0.05 0.04 9.2 0 1 3.84 707.85   C 3.28 701.81 2.58 695.55 2.42 689.72   Q 2.19 681.22 1.87 672.71   L 1.86 1.54   L 806.54 1.38   A 0.45 0.45 0.0 0 1 806.99 1.83   Q 807.03 645.14 806.95 659.66   Q 806.84 678.76 806.74 681.59   Q 806.56 686.88 805.40 692.99   C 804.44 698.02 804.57 704.43 803.56 709.97   C 801.76 719.85 800.93 727.65 798.79 737.28   C 792.99 763.48 785.18 789.00 774.49 813.49   C 772.18 818.78 767.42 829.43 763.39 836.88   Q 749.28 862.96 737.84 879.11   Q 715.45 910.70 692.14 933.88   C 663.31 962.55 628.89 987.24 590.92 1006.39   C 557.05 1023.48 519.25 1035.42 482.12 1041.85   Q 465.23 1044.77 445.56 1046.22   Z   M 76.37 166.50   Q 75.96 166.12 75.45 166.57   A 0.48 0.46 -22.7 0 0 75.29 166.94   L 75.49 179.96   A 1.32 1.25 34.0 0 0 75.61 180.50   L 77.05 183.61   A 0.83 0.81 -12.3 0 0 77.80 184.08   L 82.79 184.01   L 113.89 183.44   A 1.21 1.09 32.1 0 0 114.29 183.37   L 120.88 181.20   A 2.41 2.28 20.1 0 0 121.30 181.02   C 125.91 178.26 128.53 174.20 130.64 169.16   Q 133.37 162.65 134.01 160.26   Q 137.20 148.28 139.94 138.15   C 140.58 135.79 140.74 133.32 141.53 130.99   Q 142.28 128.80 143.04 125.72   Q 147.47 107.70 151.17 93.19   Q 151.39 92.31 151.41 90.82   A 1.39 1.39 0.0 0 0 149.81 89.44   L 127.58 92.97   A 1.01 0.80 -59.8 0 0 127.25 93.10   Q 125.80 94.02 123.63 93.91   A 1.52 1.52 0.0 0 0 122.05 95.28   L 121.33 102.62   A 0.32 0.32 0.0 0 1 120.94 102.90   Q 120.62 102.82 120.46 103.12   A 0.95 0.82 -31.3 0 0 120.36 103.43   L 118.43 124.43   A 0.24 0.23 -29.4 0 1 118.39 124.56   Q 117.97 125.30 117.55 125.07   A 0.05 0.05 0.0 0 0 117.47 125.11   L 116.74 132.55   A 1.19 1.19 0.0 0 1 114.39 132.67   Q 113.31 127.24 111.37 123.67   A 4.84 4.77 23.5 0 1 110.94 122.60   Q 109.98 119.00 109.48 116.66   Q 109.36 116.05 109.17 115.90   Q 108.84 115.62 108.48 115.37   A 1.30 1.29 -76.6 0 1 107.95 114.50   Q 107.20 109.21 105.60 106.33   A 6.04 5.88 -65.7 0 1 104.96 104.56   L 103.73 98.35   A 0.85 0.85 0.0 0 0 103.20 97.72   C 100.50 96.72 98.89 97.27 96.30 97.42   Q 86.03 98.04 76.22 100.67   A 1.58 1.57 70.8 0 0 75.18 102.82   Q 86.62 129.33 100.68 158.35   Q 101.22 159.47 100.66 162.04   A 1.11 1.11 0.0 0 1 100.10 162.78   Q 98.14 163.78 95.25 163.74   Q 90.96 163.67 78.04 164.13   A 0.67 0.66 -86.3 0 0 77.41 164.69   Q 77.20 165.91 76.37 166.50   Z   M 200.01 184.20   Q 213.08 184.52 224.56 181.00   Q 243.32 175.24 248.24 155.51   Q 251.57 142.13 250.09 128.39   C 248.26 111.49 241.45 98.56 225.18 93.02   C 220.26 91.35 214.77 90.86 209.01 89.84   Q 207.20 89.52 202.25 89.40   Q 189.18 89.08 177.70 92.61   Q 158.94 98.36 154.02 118.09   Q 150.69 131.47 152.17 145.21   C 154.00 162.11 160.81 175.04 177.08 180.58   C 182.00 182.25 187.49 182.74 193.25 183.76   Q 195.06 184.08 200.01 184.20   Z   M 305.07 175.98   Q 306.88 176.65 306.88 175.25   Q 306.86 159.25 306.92 143.08   L 336.93 143.10   A 0.56 0.56 0.0 0 1 337.49 143.66   L 337.49 175.67   A 0.44 0.44 0.0 0 0 337.93 176.11   L 357.36 176.11   A 0.61 0.61 0.0 0 0 357.97 175.50   L 357.97 97.57   A 0.53 0.53 0.0 0 0 357.44 97.04   L 338.03 97.04   A 0.54 0.54 0.0 0 0 337.49 97.58   L 337.49 127.29   A 0.58 0.57 -0.0 0 1 336.91 127.86   L 306.01 127.86   A 0.77 0.76 -8.8 0 1 305.28 127.33   Q 305.17 126.98 305.24 126.53   Q 305.15 125.07 306.10 126.90   A 0.33 0.33 0.0 0 0 306.72 126.75   L 306.72 98.22   A 0.81 0.79 -81.8 0 0 306.16 97.45   L 305.27 97.17   L 286.44 97.20   A 0.53 0.53 0.0 0 0 285.91 97.73   L 285.91 175.65   A 0.41 0.41 0.0 0 0 286.32 176.06   L 305.07 175.98   Z   M 375.86 97.09   L 374.28 97.34   A 0.28 0.27 -5.0 0 0 374.05 97.61   L 374.05 175.31   A 0.46 0.45 -78.2 0 0 374.32 175.73   Q 374.98 176.01 375.86 175.69   L 426.07 176.15   L 426.74 161.69   A 0.55 0.52 -65.3 0 0 426.61 161.31   Q 426.24 160.86 425.71 160.91   L 395.52 160.91   A 0.59 0.59 0.0 0 1 394.93 160.32   L 394.93 143.65   A 0.62 0.62 0.0 0 1 395.55 143.03   L 421.43 143.03   A 0.68 0.68 0.0 0 0 422.11 142.35   L 422.00 129.70   L 422.06 128.58   A 0.56 0.56 0.0 0 0 421.50 127.99   L 394.99 128.04   L 394.98 112.98   A 0.81 0.81 0.0 0 1 395.80 112.16   L 425.90 112.26   Q 427.81 106.89 426.51 99.38   Q 426.80 98.53 426.75 98.18   A 1.38 1.37 -4.4 0 0 425.39 97.02   L 375.86 97.09   Z   M 461.23 162.93   L 493.18 162.96   Q 493.94 165.83 494.57 168.52   Q 494.91 169.96 495.89 170.46   A 0.74 0.73 -80.9 0 1 496.27 170.99   L 496.88 174.83   A 1.29 1.28 -4.4 0 0 498.15 175.91   L 517.84 175.91   A 0.63 0.62 -6.9 0 0 518.45 175.14   C 517.53 171.30 516.35 168.67 515.15 165.47   Q 499.31 123.64 490.78 101.24   Q 490.25 99.83 490.06 98.06   A 1.14 1.14 0.0 0 0 488.93 97.04   L 466.86 97.04   A 2.48 2.47 6.6 0 0 464.45 98.94   Q 463.83 101.60 463.28 103.05   Q 439.93 164.69 438.65 167.97   C 437.60 170.67 436.83 172.35 436.10 175.54   A 0.42 0.41 -83.3 0 0 436.50 176.05   L 456.47 176.05   A 0.92 0.91 4.8 0 0 457.38 175.29   L 458.35 169.72   A 0.90 0.88 -11.3 0 1 458.75 169.13   L 459.47 168.69   A 1.17 1.14 -10.0 0 0 459.97 168.00   L 461.23 162.93   Z   M 577.13 175.96   Q 578.10 176.32 578.56 175.93   Q 578.87 175.67 578.88 175.27   Q 578.98 168.57 578.98 161.89   Q 578.98 160.88 576.95 161.03   L 552.21 161.20   Q 551.97 161.16 551.82 160.80   L 551.85 97.79   A 0.70 0.70 0.0 0 0 551.30 97.11   Q 550.87 97.02 550.30 97.15   L 530.65 97.11   A 0.55 0.55 0.0 0 0 530.10 97.66   L 530.10 175.26   A 0.77 0.77 0.0 0 0 530.87 176.03   L 577.13 175.96   Z   M 605.11 176.11   Q 613.70 176.10 614.95 176.03   A 0.43 0.43 0.0 0 0 615.36 175.60   L 615.36 112.53   A 0.34 0.33 90.0 0 1 615.69 112.19   L 636.42 112.19   A 0.59 0.59 0.0 0 0 637.01 111.60   L 637.01 97.42   A 0.42 0.42 0.0 0 0 636.58 97.00   Q 635.94 97.01 605.06 97.03   Q 574.19 97.05 573.55 97.04   A 0.42 0.42 0.0 0 0 573.12 97.46   L 573.13 111.64   A 0.59 0.59 0.0 0 0 573.73 112.23   L 594.46 112.20   A 0.34 0.33 89.9 0 1 594.79 112.54   L 594.87 175.61   A 0.43 0.43 0.0 0 0 595.28 176.04   Q 596.53 176.11 605.11 176.11   Z   M 667.04 175.95   Q 667.27 175.83 667.93 176.02   A 0.67 0.66 -82.4 0 0 668.77 175.37   L 668.66 143.25   L 698.89 143.11   A 0.53 0.53 0.0 0 1 699.43 143.64   L 699.43 175.65   A 0.40 0.39 90.0 0 0 699.82 176.05   L 719.26 176.05   A 0.69 0.68 90.0 0 0 719.94 175.36   L 719.94 97.41   A 0.37 0.36 0.0 0 0 719.57 97.05   L 699.99 97.05   A 0.56 0.56 0.0 0 0 699.43 97.61   L 699.43 127.43   A 0.46 0.46 0.0 0 1 698.97 127.89   L 668.56 127.84   L 668.68 98.02   A 0.64 0.63 88.3 0 0 668.01 97.38   L 667.27 97.42   L 648.37 97.05   A 0.43 0.42 0.7 0 0 647.93 97.47   L 647.93 175.54   A 0.44 0.44 0.0 0 0 648.37 175.98   L 667.04 175.95   Z   M 75.10 204.96   L 75.07 263.39   A 0.44 0.44 0.0 0 0 75.51 263.83   L 87.23 263.74   Q 88.54 263.66 88.56 263.14   Q 89.07 248.72 88.54 233.53   Q 88.49 232.29 89.31 231.35   Q 89.55 231.07 90.80 231.89   L 104.41 263.31   A 1.06 1.06 0.0 0 0 105.38 263.94   L 112.51 263.94   A 1.34 1.33 -78.1 0 0 113.73 263.14   L 129.60 226.03   A 0.39 0.39 0.0 0 1 130.31 226.03   Q 130.60 226.69 130.61 227.50   Q 130.75 249.13 130.68 263.29   A 0.61 0.61 0.0 0 0 131.29 263.90   L 142.34 263.90   A 0.52 0.52 0.0 0 0 142.86 263.38   L 142.85 204.93   Q 142.73 203.39 141.98 203.41   Q 135.79 203.60 129.61 203.40   A 0.50 0.47 26.5 0 0 129.34 203.48   Q 128.46 204.08 128.92 204.90   Q 128.70 205.14 128.36 205.27   A 0.38 0.37 3.5 0 0 128.13 205.47   L 109.40 247.11   A 0.51 0.51 0.0 0 1 108.46 247.11   L 92.06 210.33   Q 92.20 208.30 91.63 207.36   Q 90.00 204.66 89.42 203.69   A 1.17 1.16 74.5 0 0 88.42 203.12   Q 81.75 203.05 75.99 203.09   Q 74.87 203.10 75.10 204.96   Z   M 479.32 204.47   Q 479.15 204.52 479.00 204.69   A 0.60 0.58 -25.3 0 0 478.85 205.08   L 478.85 263.39   A 0.54 0.53 -0.0 0 0 479.39 263.92   L 514.15 263.92   A 0.52 0.52 0.0 0 0 514.67 263.40   L 514.67 254.15   A 0.48 0.48 0.0 0 0 514.19 253.67   L 491.50 253.67   A 0.45 0.45 0.0 0 1 491.05 253.22   L 491.05 238.62   A 0.67 0.66 -0.0 0 1 491.72 237.96   L 511.13 237.96   A 0.77 0.76 90.0 0 0 511.89 237.19   L 511.89 229.75   A 0.72 0.71 -0.0 0 0 511.17 229.04   L 491.67 229.04   A 0.62 0.62 0.0 0 1 491.05 228.42   L 491.05 214.43   A 0.53 0.46 -33.1 0 1 491.12 214.18   Q 491.34 213.76 491.56 213.91   L 513.80 213.84   A 0.77 0.76 10.7 0 0 514.51 213.36   Q 514.74 212.80 514.60 212.41   L 514.53 204.74   Q 515.18 204.02 514.62 203.35   A 0.37 0.36 68.3 0 0 514.35 203.23   L 479.90 203.23   A 0.68 0.68 0.0 0 0 479.22 203.92   Q 479.22 204.15 479.32 204.47   Z   M 604.04 204.80   Q 603.63 204.93 603.63 205.32   Q 603.59 233.75 603.64 263.34   A 0.57 0.57 0.0 0 0 604.21 263.91   L 615.37 263.91   A 0.52 0.52 0.0 0 0 615.89 263.39   Q 615.93 224.91 615.94 205.94   Q 615.94 205.16 615.51 204.75   Q 615.98 204.19 615.75 203.57   A 0.62 0.62 0.0 0 0 615.17 203.17   L 604.45 203.17   A 0.54 0.53 24.3 0 0 604.10 203.30   Q 603.50 203.86 604.04 204.80   Z   M 627.74 204.77   L 627.57 205.00   A 0.34 0.32 -27.4 0 0 627.50 205.20   L 627.50 263.30   A 0.61 0.61 0.0 0 0 628.11 263.91   L 662.73 263.91   A 0.69 0.69 0.0 0 0 663.42 263.22   L 663.42 254.29   A 0.63 0.62 0.0 0 0 662.79 253.67   L 640.25 253.67   A 0.49 0.48 90.0 0 1 639.77 253.18   L 639.77 238.46   A 0.50 0.50 0.0 0 1 640.27 237.96   L 659.74 237.96   A 0.86 0.86 0.0 0 0 660.60 237.10   L 660.60 229.83   A 0.88 0.88 0.0 0 0 659.72 228.95   L 640.15 228.95   A 0.38 0.38 0.0 0 1 639.77 228.57   L 639.77 214.26   A 0.50 0.49 -17.6 0 1 639.99 213.85   Q 640.25 213.68 640.29 213.84   Q 651.22 213.64 662.15 213.84   Q 662.94 213.86 663.21 213.47   Q 663.54 213.02 663.31 212.31   L 663.47 204.98   Q 664.02 203.70 662.79 203.17   A 1.03 0.89 -30.8 0 0 662.45 203.11   L 628.24 203.35   A 0.50 0.50 0.0 0 0 627.75 203.75   Q 627.66 204.19 627.74 204.77   Z   M 215.90 204.83   Q 215.80 204.42 215.48 204.83   A 0.82 0.81 64.1 0 0 215.31 205.33   L 215.31 263.37   A 0.54 0.54 0.0 0 0 215.85 263.91   L 247.61 263.91   A 0.46 0.46 0.0 0 0 248.07 263.45   L 248.07 254.37   A 0.45 0.45 0.0 0 0 247.62 253.92   L 227.96 253.92   A 0.49 0.48 89.4 0 1 227.48 253.44   L 227.32 204.87   Q 227.89 204.54 227.47 203.73   A 1.03 1.03 0.0 0 0 226.56 203.18   L 216.11 203.18   A 0.61 0.61 0.0 0 0 215.51 203.90   Q 215.58 204.29 215.90 204.83   Z   M 242.39 213.96   L 257.51 214.02   A 0.54 0.54 0.0 0 1 258.05 214.56   L 258.05 263.06   A 0.85 0.84 11.6 0 0 258.57 263.84   Q 259.13 264.07 259.92 263.89   L 271.22 263.90   A 0.42 0.42 0.0 0 0 271.64 263.48   L 271.64 214.30   A 0.57 0.56 -0.0 0 1 272.21 213.74   L 287.01 213.74   A 1.36 1.35 89.6 0 0 288.36 212.36   L 288.27 207.28   Q 288.96 205.15 287.87 204.09   A 1.26 1.23 -20.7 0 0 287.04 203.73   Q 264.95 202.81 242.93 203.41   A 0.46 0.46 0.0 0 0 242.49 203.87   L 242.39 213.96   Z   M 422.15 205.21   L 422.12 263.38   A 0.59 0.59 0.0 0 0 422.71 263.97   L 435.08 263.97   A 0.68 0.67 90.0 0 0 435.75 263.29   L 435.75 241.52   A 0.78 0.77 84.6 0 1 436.37 240.76   Q 438.97 240.23 441.45 240.94   L 453.93 262.80   A 2.16 2.15 75.1 0 0 455.80 263.89   L 468.43 263.89   A 0.67 0.67 0.0 0 0 468.85 262.70   C 466.91 261.13 466.07 258.56 464.44 255.85   Q 462.31 252.30 454.81 240.52   A 1.13 1.12 64.7 0 1 455.40 238.85   C 466.56 235.15 471.61 224.11 466.04 213.78   Q 461.97 206.22 451.56 204.62   Q 437.66 202.84 423.40 203.21   A 1.05 1.05 0.0 0 0 422.58 203.66   Q 422.17 204.26 422.15 205.21   Z   M 577.71 204.43   L 558.55 246.78   A 0.36 0.36 0.0 0 1 557.90 246.78   L 538.74 205.31   A 1.49 1.49 0.0 0 0 537.39 204.45   L 524.80 204.45   A 0.86 0.85 -0.0 0 0 523.94 205.30   L 523.94 263.25   A 0.66 0.65 0.0 0 0 524.60 263.90   L 535.60 263.90   A 0.59 0.59 0.0 0 0 536.19 263.31   L 536.18 226.64   A 0.72 0.72 0.0 0 1 537.09 225.95   Q 537.29 226.02 537.47 226.54   Q 539.73 232.96 542.56 238.55   C 546.47 246.30 547.82 249.80 551.38 257.88   Q 552.11 259.54 553.15 263.31   A 0.77 0.76 -7.4 0 0 553.89 263.88   L 562.23 263.88   A 0.80 0.78 -77.8 0 0 562.95 263.40   L 578.59 226.83   A 0.48 0.48 0.0 0 1 579.51 227.02   L 579.51 263.29   A 0.63 0.63 0.0 0 0 580.14 263.92   L 591.19 263.92   A 0.62 0.62 0.0 0 0 591.81 263.30   L 591.54 204.62   Q 591.80 203.90 591.45 203.47   A 0.51 0.50 -19.3 0 0 591.06 203.29   Q 583.56 203.18 577.71 204.43   Z   M 673.17 204.99   L 673.42 263.14   A 0.75 0.75 0.0 0 0 674.17 263.89   L 684.47 263.89   A 1.20 1.20 0.0 0 0 685.67 262.69   L 685.67 241.57   A 1.19 1.19 0.0 0 1 686.64 240.40   Q 689.45 239.89 691.49 240.60   A 2.39 2.35 84.4 0 1 692.75 241.65   L 705.01 262.90   A 2.04 2.04 0.0 0 0 706.77 263.91   L 719.03 263.91   A 0.59 0.59 0.0 0 0 719.53 263.00   L 705.54 240.37   A 0.93 0.93 0.0 0 1 706.04 239.00   C 712.92 236.69 717.93 231.82 718.71 224.24   Q 719.65 215.15 713.10 209.17   Q 712.41 208.54 709.45 207.28   A 0.66 0.65 -83.4 0 1 709.07 206.79   Q 709.04 206.67 708.99 206.50   Q 708.92 206.26 708.44 206.16   Q 705.60 205.59 703.15 204.57   Q 687.18 202.41 674.25 203.13   Q 672.75 203.21 673.17 204.99   Z   M 299.27 253.02   L 325.08 252.92   L 326.74 259.81   A 1.38 1.34 8.4 0 0 327.38 260.65   Q 328.65 261.38 328.32 263.18   A 0.65 0.64 5.2 0 0 328.96 263.94   L 340.41 263.94   A 0.63 0.62 85.6 0 0 341.02 263.22   L 340.16 257.79   A 1.01 1.01 0.0 0 0 339.57 257.03   Q 338.40 256.53 338.13 254.94   Q 337.34 250.28 336.09 247.16   Q 335.86 246.56 335.63 246.42   A 0.62 0.55 -86.6 0 1 335.41 246.14   L 319.88 204.97   A 1.35 1.35 0.0 0 0 318.62 204.10   L 306.15 204.10   A 1.31 1.30 -79.6 0 0 304.93 204.95   Q 291.54 240.43 286.55 253.55   Q 285.97 255.05 285.38 258.06   A 0.09 0.09 0.0 0 1 285.31 258.13   L 285.01 258.18   A 0.56 0.54 -85.7 0 0 284.56 258.58   L 283.27 262.96   A 0.75 0.75 0.0 0 0 283.99 263.93   L 295.15 263.93   A 0.83 0.83 0.0 0 0 295.98 263.07   Q 295.95 262.26 296.37 262.22   A 1.20 1.15 -85.8 0 0 297.41 261.28   L 299.27 253.02   Z   M 167.37 251.97   Q 174.58 252.71 183.75 252.67   Q 188.48 252.65 191.33 252.03   L 195.04 263.34   A 0.75 0.74 80.8 0 0 195.75 263.86   L 208.17 263.86   A 0.55 0.55 0.0 0 0 208.72 263.31   L 208.72 262.53   A 0.40 0.40 0.0 0 0 208.26 262.14   Q 207.55 262.25 207.27 261.25   Q 206.65 258.97 206.22 257.68   Q 205.07 254.21 188.68 210.15   Q 188.10 208.59 187.68 206.95   A 3.15 3.15 0.0 0 0 185.15 204.63   Q 179.77 203.73 172.68 204.42   A 2.06 2.06 0.0 0 0 170.86 206.11   C 170.27 209.30 169.20 211.34 167.94 214.67   Q 156.16 245.70 149.79 263.13   A 0.59 0.59 0.0 0 0 150.35 263.92   L 161.31 263.89   A 1.14 1.13 -72.4 0 0 162.24 263.40   Q 162.41 263.15 162.45 262.56   A 0.51 0.51 0.0 0 1 162.96 262.09   Q 163.68 262.10 163.85 261.25   Q 164.63 257.34 165.41 254.55   A 1.17 1.16 84.7 0 1 166.00 253.83   Q 166.97 253.33 167.37 251.97   Z   M 371.38 204.84   Q 370.85 234.41 371.17 263.00   Q 371.19 264.12 372.78 263.94   L 383.95 264.05   Q 385.71 252.88 384.48 240.91   Q 389.11 240.67 393.36 240.66   C 400.18 240.64 407.79 239.11 412.64 233.83   C 417.57 228.48 417.10 219.27 414.53 212.99   A 1.76 1.75 3.8 0 0 413.77 212.13   Q 412.55 211.42 411.93 209.85   A 1.30 1.28 -89.6 0 0 411.23 209.13   L 406.95 207.30   A 0.70 0.68 2.3 0 1 406.56 206.89   Q 406.51 206.72 406.48 206.62   A 1.00 1.00 0.0 0 0 405.77 205.91   Q 402.17 204.97 394.00 204.68   Q 380.62 204.20 371.38 204.84   Z   M 208.33 549.47   L 208.26 513.60   L 210.55 485.63   A 0.21 0.21 0.0 0 1 210.61 485.51   L 211.19 484.97   A 0.67 0.62 -19.5 0 0 211.39 484.59   L 213.60 466.62   A 1.51 1.49 -25.2 0 1 213.85 465.94   Q 215.10 464.00 215.38 461.31   A 1.25 1.25 0.0 0 1 216.16 460.28   Q 221.83 457.99 227.34 455.67   Q 255.00 444.07 282.70 437.42   A 1.25 1.22 19.2 0 0 283.17 437.20   Q 283.75 436.77 284.26 436.67   Q 289.58 435.54 297.55 434.28   A 0.51 0.47 10.2 0 0 297.86 434.08   L 298.21 433.54   A 0.53 0.47 -74.7 0 1 298.55 433.32   L 309.89 431.52   A 0.63 0.62 23.8 0 0 310.13 431.43   L 311.49 430.59   A 1.27 1.23 25.0 0 1 312.04 430.40   Q 322.65 429.13 329.75 428.39   Q 330.37 428.33 330.45 427.69   A 0.39 0.39 0.0 0 1 330.81 427.35   L 350.60 425.56   A 1.56 1.21 -52.0 0 0 350.88 425.49   Q 352.24 424.94 352.83 424.87   Q 362.53 423.83 373.48 423.59   A 0.82 0.82 0.0 0 0 374.07 422.23   Q 346.90 391.66 313.76 368.00   Q 310.93 365.97 307.77 366.82   Q 269.02 377.25 233.70 397.20   Q 161.66 437.90 118.23 508.21   Q 114.21 514.71 113.83 517.11   Q 109.90 541.32 111.21 566.02   Q 111.47 570.85 112.41 577.94   Q 113.57 586.73 113.68 589.88   Q 113.70 590.41 115.76 602.17   Q 116.50 606.43 116.89 608.20   Q 130.65 671.05 171.98 721.58   C 196.32 751.35 226.59 775.14 260.34 793.38   Q 274.86 801.22 300.08 810.50   Q 301.54 811.04 304.33 811.81   C 307.32 812.63 309.25 813.68 312.24 814.40   Q 316.07 815.32 316.24 815.31   A 0.65 0.65 0.0 0 1 316.86 815.65   Q 317.23 816.34 318.24 816.51   Q 323.18 817.36 328.50 818.43   Q 329.16 818.56 329.39 818.99   A 0.61 0.60 -7.0 0 0 329.81 819.31   Q 336.78 820.71 344.24 821.42   Q 345.12 821.50 345.95 822.42   A 1.07 1.03 -17.6 0 0 346.63 822.76   L 370.31 825.09   A 0.93 0.86 61.2 0 1 370.67 825.21   Q 371.65 825.82 373.99 825.98   Q 379.88 826.39 382.45 826.32   A 0.55 0.55 0.0 0 0 382.70 825.29   Q 361.78 813.85 341.16 797.87   Q 332.73 791.34 318.31 778.21   C 301.07 762.51 286.79 746.12 272.92 727.85   C 250.27 698.02 233.23 663.54 222.25 628.07   Q 219.92 620.55 217.32 609.88   Q 213.66 594.91 213.16 591.46   Q 212.13 584.36 211.50 580.03   C 211.20 577.99 210.13 574.75 209.94 572.00   Q 209.15 560.54 208.33 549.47   Z   M 445.25 425.42   Q 444.69 425.56 444.03 425.50   A 0.08 0.03 -41.1 0 0 443.96 425.53   Q 443.95 425.54 443.94 425.55   A 0.02 0.01 6.3 0 0 443.96 425.56   Q 452.38 426.23 462.35 427.20   A 1.33 1.26 57.9 0 1 462.70 427.29   L 465.11 428.28   A 2.04 2.04 0.0 0 0 465.67 428.42   Q 481.23 430.13 484.68 430.67   Q 485.61 430.82 487.23 431.74   A 1.46 1.04 54.5 0 0 487.49 431.83   L 497.77 433.50   A 1.34 1.33 -13.1 0 1 498.63 434.03   Q 498.64 434.04 498.79 434.23   A 0.78 0.78 0.0 0 0 499.30 434.54   L 511.02 436.58   A 0.66 0.58 62.4 0 1 511.23 436.66   C 514.25 438.40 517.13 438.61 522.57 439.62   A 2.39 2.30 66.4 0 1 523.46 439.99   C 526.09 441.78 529.81 441.91 533.13 443.19   C 536.52 444.51 539.13 445.03 542.55 446.08   A 0.22 0.15 86.9 0 1 542.66 446.22   Q 542.67 446.26 542.68 446.30   A 0.35 0.09 17.2 0 0 542.95 446.47   Q 556.99 451.00 566.42 455.10   Q 570.90 457.04 573.58 457.54   A 0.08 0.07 16.2 0 1 573.64 457.64   L 573.43 458.21   A 0.56 0.56 0.0 0 0 573.86 458.95   L 578.86 459.82   A 0.85 0.84 -88.2 0 1 579.55 460.56   Q 580.02 465.16 581.26 466.65   A 0.76 0.73 21.3 0 1 581.44 467.04   L 583.52 483.28   A 1.11 1.09 22.0 0 0 583.77 483.85   Q 584.25 484.43 584.33 485.01   Q 585.23 491.00 586.89 516.00   Q 587.97 532.22 587.00 545.25   Q 585.65 563.56 585.56 565.27   Q 585.28 571.25 583.87 578.68   Q 583.73 579.41 581.66 592.02   Q 579.53 604.99 573.52 625.31   Q 564.82 654.71 550.95 681.56   C 545.72 691.69 538.37 703.48 533.00 711.75   Q 509.06 748.61 477.08 777.83   Q 461.77 791.82 453.30 798.29   Q 433.45 813.46 412.39 825.30   A 0.57 0.57 0.0 0 0 412.68 826.36   C 423.21 826.10 433.87 824.41 444.33 823.11   C 448.47 822.60 451.90 821.49 455.87 820.92   Q 459.03 820.46 464.52 819.19   Q 493.44 812.50 520.61 800.18   C 531.24 795.36 543.42 788.50 551.83 783.33   Q 601.64 752.73 635.04 705.78   Q 665.70 662.67 677.74 609.96   C 678.64 605.99 678.86 602.74 679.67 599.22   Q 680.90 593.93 681.20 591.20   Q 683.28 572.44 683.58 569.26   Q 684.54 559.23 683.71 538.28   Q 683.59 535.10 682.64 528.78   Q 682.49 527.77 681.68 519.27   A 12.40 12.30 -61.3 0 0 680.40 514.84   Q 677.47 509.09 671.56 500.13   Q 632.51 440.87 572.46 403.76   C 546.62 387.80 519.29 376.41 488.08 366.93   Q 484.41 365.81 481.73 367.71   Q 448.27 391.36 421.27 421.78   Q 420.96 422.13 420.62 422.69   A 0.81 0.80 -75.0 0 0 421.32 423.91   Q 435.19 423.68 445.24 425.20   A 0.11 0.11 0.0 0 1 445.25 425.42   Z   M 397.50 627.81   C 398.48 627.81 400.11 627.03 401.08 626.59   C 419.27 618.33 436.94 606.40 448.18 589.97   C 456.39 577.96 460.36 563.22 456.37 549.55   C 451.40 532.49 435.38 521.94 417.69 527.26   C 410.14 529.53 404.42 533.63 398.70 538.93   Q 398.28 539.31 397.51 539.31   Q 396.73 539.31 396.31 538.93   C 390.60 533.63 384.88 529.53 377.33 527.25   C 359.64 521.93 343.62 532.48 338.64 549.53   C 334.65 563.20 338.61 577.94 346.82 589.96   C 358.06 606.39 375.72 618.32 393.91 626.59   C 394.88 627.03 396.51 627.81 397.50 627.81   Z   M 498.80 857.23   Q 502.93 859.41 508.93 858.67   Q 534.04 860.42 559.52 858.86   Q 566.87 859.38 573.00 857.06   L 589.74 855.24   A 1.51 1.46 -68.1 0 0 590.57 854.87   Q 591.29 854.23 591.77 854.15   Q 598.89 853.06 603.27 852.37   A 1.65 1.63 -72.7 0 0 604.19 851.88   Q 604.81 851.23 605.62 851.10   Q 611.36 850.16 615.17 849.05   Q 637.68 842.52 660.33 832.50   C 664.75 830.55 668.96 828.67 671.50 824.72   Q 695.51 787.45 708.15 743.92   Q 710.72 735.04 713.54 722.62   C 714.51 718.36 714.95 714.16 715.47 710.02   Q 715.58 709.13 716.45 707.08   A 3.73 3.57 60.8 0 0 716.70 706.12   Q 718.03 694.30 718.63 680.66   A 0.01 0.01 0.0 0 1 718.65 680.67   Q 718.66 680.68 718.67 680.69   A 0.30 0.28 -60.7 0 1 718.70 680.82   Q 718.73 681.97 718.83 683.11   L 718.84 683.11   A 0.02 0.01 -83.7 0 0 718.85 683.09   Q 718.76 681.87 719.21 680.74   A 2.27 2.24 -33.4 0 0 719.35 680.08   Q 720.12 665.82 719.87 649.48   C 719.82 646.79 719.39 644.90 719.29 642.56   A 0.23 0.23 0.0 0 0 718.85 642.46   Q 672.63 729.85 588.16 780.69   C 572.26 790.26 561.38 796.37 545.77 802.98   Q 510.83 817.76 476.33 825.23   C 470.74 826.44 466.15 826.82 462.07 827.95   Q 458.14 829.04 451.36 829.63   C 443.98 830.28 437.28 831.91 429.95 832.27   Q 429.69 832.28 415.64 833.12   Q 414.93 833.16 414.03 833.61   A 0.23 0.23 0.0 0 0 414.04 834.03   C 428.76 839.92 442.81 845.22 457.89 849.38   Q 464.89 851.31 466.01 851.27   A 1.05 1.04 68.2 0 1 466.84 851.63   Q 467.35 852.20 468.77 852.47   Q 475.09 853.65 483.84 854.57   A 0.92 0.91 82.6 0 1 484.60 855.16   Q 484.61 855.20 484.62 855.21   A 1.05 1.02 -8.6 0 0 485.47 855.82   L 498.80 857.23   Z   M 191.03 851.92   A 0.44 0.44 0.0 0 0 191.23 852.72   L 208.10 854.38   A 0.78 0.77 79.9 0 1 208.73 854.82   Q 209.16 855.72 209.76 855.81   Q 212.39 856.23 228.23 857.59   Q 229.11 857.66 229.92 858.20   A 1.81 1.72 -24.2 0 0 230.77 858.50   Q 257.82 860.55 285.50 858.75   Q 286.79 858.66 287.88 858.08   A 2.29 2.24 28.3 0 1 288.71 857.84   Q 302.78 856.59 309.76 855.66   Q 310.42 855.57 310.75 855.13   A 0.67 0.64 12.9 0 1 311.19 854.87   Q 314.14 854.38 322.75 852.98   C 325.83 852.48 328.02 851.40 330.91 850.91   Q 332.70 850.61 337.06 849.40   Q 359.05 843.30 380.36 834.11   A 0.52 0.51 -54.9 0 0 380.19 833.12   Q 365.90 832.32 355.01 831.59   Q 354.44 831.56 353.75 830.84   A 1.20 1.19 70.3 0 0 353.00 830.48   L 335.97 828.80   A 1.04 0.98 67.0 0 1 335.40 828.55   Q 334.46 827.70 334.12 827.65   Q 332.12 827.34 321.74 826.07   Q 320.80 825.95 319.63 825.12   A 2.15 2.00 -20.6 0 0 318.75 824.76   Q 311.67 823.63 309.21 823.03   Q 273.24 814.25 240.97 799.41   C 231.33 794.97 222.59 789.90 212.32 783.95   Q 124.01 732.79 76.14 642.60   A 0.22 0.22 0.0 0 0 75.72 642.69   Q 75.02 655.15 75.25 671.34   Q 75.34 677.62 76.41 684.64   Q 76.80 687.26 77.50 697.97   C 77.93 704.53 79.39 709.92 80.32 716.01   Q 81.20 721.81 83.02 729.42   Q 95.17 780.29 123.16 824.32   Q 125.52 828.04 129.01 829.76   Q 147.14 838.68 168.79 845.54   A 1.77 1.58 71.0 0 1 169.36 845.86   Q 170.07 846.43 171.06 846.64   Q 180.91 848.66 182.35 849.03   A 0.78 0.75 -7.2 0 1 182.83 849.39   Q 182.91 849.54 183.03 849.70   A 1.02 0.99 -12.2 0 0 183.69 850.11   L 190.97 851.30   A 0.39 0.39 0.0 0 1 191.29 851.74   Q 191.29 851.75 191.03 851.92   Z   M 638.34 867.05   A 0.28 0.28 0.0 0 0 638.07 866.58   C 632.14 868.08 626.81 868.54 619.48 869.80   C 608.97 871.60 598.64 872.03 588.76 872.74   A 2.11 2.03 -55.5 0 0 588.27 872.84   Q 586.90 873.34 585.53 873.43   C 570.88 874.41 554.74 874.29 539.28 872.56   Q 534.65 872.04 524.78 871.47   C 516.39 870.99 506.22 868.51 498.26 867.81   Q 498.07 867.79 496.94 867.17   A 2.96 2.92 -25.5 0 0 496.16 866.90   L 483.56 864.71   A 2.89 2.82 62.4 0 1 482.83 864.47   Q 480.95 863.54 480.22 863.47   Q 475.74 862.98 465.36 859.99   Q 438.56 852.28 413.45 841.06   A 0.44 0.44 0.0 0 0 412.90 841.70   Q 413.86 843.19 416.01 845.76   Q 467.92 908.09 544.29 934.22   Q 547.05 935.16 549.91 933.69   Q 600.06 907.85 638.34 867.05   Z   M 156.48 866.93   Q 194.77 907.80 244.95 933.69   Q 247.81 935.17 250.57 934.23   Q 327.03 908.12 379.03 845.77   Q 381.18 843.20 382.14 841.71   A 0.44 0.44 0.0 0 0 381.59 841.07   Q 356.45 852.28 329.62 859.98   Q 319.23 862.97 314.75 863.46   Q 314.02 863.53 312.13 864.46   A 2.89 2.82 -62.4 0 1 311.40 864.70   L 298.79 866.88   A 2.96 2.92 25.5 0 0 298.01 867.15   Q 296.88 867.77 296.69 867.79   C 288.72 868.48 278.54 870.96 270.14 871.43   Q 260.26 872.00 255.63 872.52   C 240.15 874.24 224.00 874.35 209.34 873.35   Q 207.96 873.26 206.59 872.76   A 2.11 2.04 55.5 0 0 206.10 872.66   C 196.22 871.94 185.88 871.51 175.36 869.70   C 168.02 868.43 162.69 867.97 156.75 866.46   A 0.28 0.28 0.0 0 0 156.48 866.93   Z   M 367.83 1046.80   Q 368.74 1046.48 369.26 1046.97   A 0.21 0.20 -53.6 0 0 369.58 1046.92   Q 369.67 1046.74 369.69 1046.58   Q 369.72 1046.29 369.50 1046.24   Q 368.23 1045.94 367.64 1046.50   A 0.18 0.18 0.0 0 0 367.83 1046.80   Z"/>
    
    
    <path fill="#e71e2e" d="   M 202.25 89.40   Q 207.20 89.52 209.01 89.84   C 214.77 90.86 220.26 91.35 225.18 93.02   C 241.45 98.56 248.26 111.49 250.09 128.39   Q 251.57 142.13 248.24 155.51   Q 243.32 175.24 224.56 181.00   Q 213.08 184.52 200.01 184.20   Q 195.06 184.08 193.25 183.76   C 187.49 182.74 182.00 182.25 177.08 180.58   C 160.81 175.04 154.00 162.11 152.17 145.21   Q 150.69 131.47 154.02 118.09   Q 158.94 98.36 177.70 92.61   Q 189.18 89.08 202.25 89.40   Z   M 201.06 157.46   Q 202.04 157.46 203.00 157.00   C 211.61 152.88 220.11 147.02 224.14 138.30   Q 227.57 130.89 225.13 124.44   Q 220.81 113.03 208.21 116.26   Q 206.85 116.61 201.78 120.58   Q 201.65 120.68 201.44 120.73   Q 201.28 120.76 201.08 120.76   Q 200.87 120.76 200.71 120.73   Q 200.50 120.68 200.37 120.58   Q 195.31 116.60 193.95 116.25   Q 181.35 113.01 177.02 124.42   Q 174.57 130.86 177.99 138.28   C 182.01 147.00 190.51 152.87 199.11 157.00   Q 200.07 157.46 201.06 157.46   Z"/>
    
    
    
    
    
    
    
    
    
    
    
    
    
    
    
    
    
    <path fill="#0d132b" d="   M 483.36 134.24   L 485.38 141.64   A 2.26 2.21 -71.0 0 0 485.76 142.44   Q 487.19 144.36 487.54 147.18   A 0.66 0.65 -3.8 0 1 486.89 147.92   L 467.39 147.92   A 0.49 0.49 0.0 0 1 466.91 147.35   Q 467.27 145.21 467.88 144.13   C 469.50 141.28 470.06 137.31 471.14 135.35   C 472.41 133.04 472.48 130.96 473.48 128.70   Q 475.37 124.43 476.43 119.38   A 0.67 0.65 15.5 0 1 477.30 118.90   Q 477.54 118.98 477.68 119.34   Q 481.08 128.74 482.38 132.76   A 2.40 2.28 -77.3 0 0 482.93 133.68   Q 482.95 133.70 483.14 133.87   A 0.82 0.76 -77.9 0 1 483.36 134.24   Z"/>
    
    
    
    
    
    
    
    
    
    
    
    
    
    
    
    
    
    
    
    
    
    
    
    
    
    
    
    
    
    
    
    
    
    
    
    
    
    
    
    
    
    
    
    
    
    
    
    
    
    
    
    <path fill="#0d132b" d="   M 386.31 213.89   C 390.75 213.83 395.74 213.51 400.08 214.73   A 1.50 1.48 -6.2 0 1 400.99 215.45   Q 401.82 216.98 402.39 217.17   A 1.36 1.33 87.2 0 1 403.19 217.91   Q 403.74 219.18 403.77 222.74   Q 403.81 227.87 399.29 230.37   L 385.92 230.53   A 1.06 1.05 -90.0 0 1 384.86 229.46   Q 384.97 222.36 384.64 214.99   Q 384.59 213.78 386.31 213.89   Z"/>
    <path fill="#0d132b" d="   M 435.98 231.64   Q 436.28 222.54 435.15 213.97   Q 445.05 213.41 449.49 214.26   C 454.53 215.23 455.78 220.33 455.13 224.87   Q 454.34 230.39 447.76 231.27   Q 443.63 231.83 435.98 231.64   Z"/>
    
    <path fill="#0d132b" d="   M 686.92 231.45   L 686.63 214.06   Q 689.86 213.75 692.87 213.81   C 697.76 213.89 701.84 213.55 704.71 217.04   A 3.18 3.14 -73.4 0 1 705.27 218.09   Q 706.63 222.51 705.37 226.91   A 3.32 3.32 0.0 0 1 704.83 227.99   Q 702.49 231.09 697.85 231.27   Q 690.77 231.54 686.92 231.45   Z"/>
    
    <path fill="#0d132b" d="   M 320.50 241.36   Q 320.08 242.35 318.00 242.25   Q 311.60 241.94 303.76 242.85   L 304.46 239.56   A 9.80 9.67 -29.4 0 1 304.87 238.13   L 311.97 218.71   A 0.37 0.37 0.0 0 1 312.66 218.71   Q 316.63 229.56 319.41 237.08   Q 319.79 238.11 320.50 241.36   Z"/>
    <path fill="#0d132b" d="   M 170.31 241.76   L 178.35 219.44   A 0.67 0.67 0.0 0 1 179.61 219.44   L 187.73 241.73   A 0.67 0.67 0.0 0 1 187.10 242.63   L 170.94 242.66   A 0.67 0.67 0.0 0 1 170.31 241.76   Z"/>
    
    
    
    
    
    <path fill="#d6e041" d="   M 208.26 513.60   Q 205.74 531.54 208.33 549.47   Q 209.15 560.54 209.94 572.00   C 210.13 574.75 211.20 577.99 211.50 580.03   Q 212.13 584.36 213.16 591.46   Q 213.66 594.91 217.32 609.88   Q 219.92 620.55 222.25 628.07   C 233.23 663.54 250.27 698.02 272.92 727.85   C 286.79 746.12 301.07 762.51 318.31 778.21   Q 332.73 791.34 341.16 797.87   Q 361.78 813.85 382.70 825.29   A 0.55 0.55 0.0 0 1 382.45 826.32   Q 379.88 826.39 373.99 825.98   Q 371.65 825.82 370.67 825.21   A 0.93 0.86 61.2 0 0 370.31 825.09   L 346.63 822.76   A 1.07 1.03 -17.6 0 1 345.95 822.42   Q 345.12 821.50 344.24 821.42   Q 336.78 820.71 329.81 819.31   A 0.61 0.60 -7.0 0 1 329.39 818.99   Q 329.16 818.56 328.50 818.43   Q 323.18 817.36 318.24 816.51   Q 317.23 816.34 316.86 815.65   A 0.65 0.65 0.0 0 0 316.24 815.31   Q 316.07 815.32 312.24 814.40   C 309.25 813.68 307.32 812.63 304.33 811.81   Q 301.54 811.04 300.08 810.50   Q 274.86 801.22 260.34 793.38   C 226.59 775.14 196.32 751.35 171.98 721.58   Q 130.65 671.05 116.89 608.20   Q 116.50 606.43 115.76 602.17   Q 113.70 590.41 113.68 589.88   Q 113.57 586.73 112.41 577.94   Q 111.47 570.85 111.21 566.02   Q 109.90 541.32 113.83 517.11   Q 114.21 514.71 118.23 508.21   Q 161.66 437.90 233.70 397.20   Q 269.02 377.25 307.77 366.82   Q 310.93 365.97 313.76 368.00   Q 346.90 391.66 374.07 422.23   A 0.82 0.82 0.0 0 1 373.48 423.59   Q 362.53 423.83 352.83 424.87   Q 352.24 424.94 350.88 425.49   A 1.56 1.21 -52.0 0 1 350.60 425.56   L 330.81 427.35   A 0.39 0.39 0.0 0 0 330.45 427.69   Q 330.37 428.33 329.75 428.39   Q 322.65 429.13 312.04 430.40   A 1.27 1.23 25.0 0 0 311.49 430.59   L 310.13 431.43   A 0.63 0.62 23.8 0 1 309.89 431.52   L 298.55 433.32   A 0.53 0.47 -74.7 0 0 298.21 433.54   L 297.86 434.08   A 0.51 0.47 10.2 0 1 297.55 434.28   Q 289.58 435.54 284.26 436.67   Q 283.75 436.77 283.17 437.20   A 1.25 1.22 19.2 0 1 282.70 437.42   Q 255.00 444.07 227.34 455.67   Q 221.83 457.99 216.16 460.28   A 1.25 1.25 0.0 0 0 215.38 461.31   Q 215.10 464.00 213.85 465.94   A 1.51 1.49 -25.2 0 0 213.60 466.62   L 211.39 484.59   A 0.67 0.62 -19.5 0 1 211.19 484.97   L 210.61 485.51   A 0.21 0.21 0.0 0 0 210.55 485.63   L 208.26 513.60   Z"/>
    <path fill="#d6e041" d="   M 445.25 425.42   A 0.11 0.11 0.0 0 0 445.24 425.20   Q 435.19 423.68 421.32 423.91   A 0.81 0.80 -75.0 0 1 420.62 422.69   Q 420.96 422.13 421.27 421.78   Q 448.27 391.36 481.73 367.71   Q 484.41 365.81 488.08 366.93   C 519.29 376.41 546.62 387.80 572.46 403.76   Q 632.51 440.87 671.56 500.13   Q 677.47 509.09 680.40 514.84   A 12.40 12.30 -61.3 0 1 681.68 519.27   Q 682.49 527.77 682.64 528.78   Q 683.59 535.10 683.71 538.28   Q 684.54 559.23 683.58 569.26   Q 683.28 572.44 681.20 591.20   Q 680.90 593.93 679.67 599.22   C 678.86 602.74 678.64 605.99 677.74 609.96   Q 665.70 662.67 635.04 705.78   Q 601.64 752.73 551.83 783.33   C 543.42 788.50 531.24 795.36 520.61 800.18   Q 493.44 812.50 464.52 819.19   Q 459.03 820.46 455.87 820.92   C 451.90 821.49 448.47 822.60 444.33 823.11   C 433.87 824.41 423.21 826.10 412.68 826.36   A 0.57 0.57 0.0 0 1 412.39 825.30   Q 433.45 813.46 453.30 798.29   Q 461.77 791.82 477.08 777.83   Q 509.06 748.61 533.00 711.75   C 538.37 703.48 545.72 691.69 550.95 681.56   Q 564.82 654.71 573.52 625.31   Q 579.53 604.99 581.66 592.02   Q 583.73 579.41 583.87 578.68   Q 585.28 571.25 585.56 565.27   Q 585.65 563.56 587.00 545.25   Q 587.97 532.22 586.89 516.00   Q 585.23 491.00 584.33 485.01   Q 584.25 484.43 583.77 483.85   A 1.11 1.09 22.0 0 1 583.52 483.28   L 581.44 467.04   A 0.76 0.73 21.3 0 0 581.26 466.65   Q 580.02 465.16 579.55 460.56   A 0.85 0.84 -88.2 0 0 578.86 459.82   L 573.86 458.95   A 0.56 0.56 0.0 0 1 573.43 458.21   L 573.64 457.64   A 0.08 0.07 16.2 0 0 573.58 457.54   Q 570.90 457.04 566.42 455.10   Q 556.99 451.00 542.95 446.47   A 0.35 0.09 17.2 0 1 542.68 446.30   Q 542.67 446.26 542.66 446.22   A 0.22 0.15 86.9 0 0 542.55 446.08   C 539.13 445.03 536.52 444.51 533.13 443.19   C 529.81 441.91 526.09 441.78 523.46 439.99   A 2.39 2.30 66.4 0 0 522.57 439.62   C 517.13 438.61 514.25 438.40 511.23 436.66   A 0.66 0.58 62.4 0 0 511.02 436.58   L 499.30 434.54   A 0.78 0.78 0.0 0 1 498.79 434.23   Q 498.64 434.04 498.63 434.03   A 1.34 1.33 -13.1 0 0 497.77 433.50   L 487.49 431.83   A 1.46 1.04 54.5 0 1 487.23 431.74   Q 485.61 430.82 484.68 430.67   Q 481.23 430.13 465.67 428.42   A 2.04 2.04 0.0 0 1 465.11 428.28   L 462.70 427.29   A 1.33 1.26 57.9 0 0 462.35 427.20   Q 452.38 426.23 443.96 425.56   A 0.02 0.01 6.3 0 1 443.94 425.55   Q 443.95 425.54 443.96 425.53   A 0.08 0.03 -41.1 0 1 444.03 425.50   Q 444.69 425.56 445.25 425.42   Z"/>
    
    <path fill="#e71e2e" d="   M 397.51 539.31   Q 398.28 539.31 398.70 538.93   C 404.42 533.63 410.14 529.53 417.69 527.26   C 435.38 521.94 451.40 532.49 456.37 549.55   C 460.36 563.22 456.39 577.96 448.18 589.97   C 436.94 606.40 419.27 618.33 401.08 626.59   C 400.11 627.03 398.48 627.81 397.50 627.81   C 396.51 627.81 394.88 627.03 393.91 626.59   C 375.72 618.32 358.06 606.39 346.82 589.96   C 338.61 577.94 334.65 563.20 338.64 549.53   C 343.62 532.48 359.64 521.93 377.33 527.25   C 384.88 529.53 390.60 533.63 396.31 538.93   Q 396.73 539.31 397.51 539.31   Z"/>
    
    
    
    
    
    
    
    
    
    
    
    
    
    
    
    
    
    
    
    
    
    
    
    <path fill="#d6e041" d="   M 573.00 857.06   L 560.72 858.12   Q 560.70 858.12 560.68 858.12   L 560.67 858.12   A 0.02 0.01 2.7 0 0 560.70 858.13   Q 561.10 858.12 561.58 858.14   A 0.18 0.18 0.0 0 1 561.60 858.50   L 559.52 858.86   Q 534.04 860.42 508.93 858.67   Q 504.26 856.75 498.80 857.23   L 485.47 855.82   A 1.05 1.02 -8.6 0 1 484.62 855.21   Q 484.61 855.20 484.60 855.16   A 0.92 0.91 82.6 0 0 483.84 854.57   Q 475.09 853.65 468.77 852.47   Q 467.35 852.20 466.84 851.63   A 1.05 1.04 68.2 0 0 466.01 851.27   Q 464.89 851.31 457.89 849.38   C 442.81 845.22 428.76 839.92 414.04 834.03   A 0.23 0.23 0.0 0 1 414.03 833.61   Q 414.93 833.16 415.64 833.12   Q 429.69 832.28 429.95 832.27   C 437.28 831.91 443.98 830.28 451.36 829.63   Q 458.14 829.04 462.07 827.95   C 466.15 826.82 470.74 826.44 476.33 825.23   Q 510.83 817.76 545.77 802.98   C 561.38 796.37 572.26 790.26 588.16 780.69   Q 672.63 729.85 718.85 642.46   A 0.23 0.23 0.0 0 1 719.29 642.56   C 719.39 644.90 719.82 646.79 719.87 649.48   Q 720.12 665.82 719.35 680.08   A 2.27 2.24 -33.4 0 1 719.21 680.74   Q 718.76 681.87 718.85 683.09   A 0.02 0.01 -83.7 0 1 718.84 683.11   L 718.83 683.11   Q 718.73 681.97 718.70 680.82   A 0.30 0.28 -60.7 0 0 718.67 680.69   Q 718.66 680.68 718.65 680.67   A 0.01 0.01 0.0 0 0 718.63 680.66   Q 718.03 694.30 716.70 706.12   A 3.73 3.57 60.8 0 1 716.45 707.08   Q 715.58 709.13 715.47 710.02   C 714.95 714.16 714.51 718.36 713.54 722.62   Q 710.72 735.04 708.15 743.92   Q 695.51 787.45 671.50 824.72   C 668.96 828.67 664.75 830.55 660.33 832.50   Q 637.68 842.52 615.17 849.05   Q 611.36 850.16 605.62 851.10   Q 604.81 851.23 604.19 851.88   A 1.65 1.63 -72.7 0 1 603.27 852.37   Q 598.89 853.06 591.77 854.15   Q 591.29 854.23 590.57 854.87   A 1.51 1.46 -68.1 0 1 589.74 855.24   L 573.00 857.06   Z"/>
    <path fill="#d6e041" d="   M 191.03 851.92   Q 191.29 851.75 191.29 851.74   A 0.39 0.39 0.0 0 0 190.97 851.30   L 183.69 850.11   A 1.02 0.99 -12.2 0 1 183.03 849.70   Q 182.91 849.54 182.83 849.39   A 0.78 0.75 -7.2 0 0 182.35 849.03   Q 180.91 848.66 171.06 846.64   Q 170.07 846.43 169.36 845.86   A 1.77 1.58 71.0 0 0 168.79 845.54   Q 147.14 838.68 129.01 829.76   Q 125.52 828.04 123.16 824.32   Q 95.17 780.29 83.02 729.42   Q 81.20 721.81 80.32 716.01   C 79.39 709.92 77.93 704.53 77.50 697.97   Q 76.80 687.26 76.41 684.64   Q 75.34 677.62 75.25 671.34   Q 75.02 655.15 75.72 642.69   A 0.22 0.22 0.0 0 1 76.14 642.60   Q 124.01 732.79 212.32 783.95   C 222.59 789.90 231.33 794.97 240.97 799.41   Q 273.24 814.25 309.21 823.03   Q 311.67 823.63 318.75 824.76   A 2.15 2.00 -20.6 0 1 319.63 825.12   Q 320.80 825.95 321.74 826.07   Q 332.12 827.34 334.12 827.65   Q 334.46 827.70 335.40 828.55   A 1.04 0.98 67.0 0 0 335.97 828.80   L 353.00 830.48   A 1.20 1.19 70.3 0 1 353.75 830.84   Q 354.44 831.56 355.01 831.59   Q 365.90 832.32 380.19 833.12   A 0.52 0.51 -54.9 0 1 380.36 834.11   Q 359.05 843.30 337.06 849.40   Q 332.70 850.61 330.91 850.91   C 328.02 851.40 325.83 852.48 322.75 852.98   Q 314.14 854.38 311.19 854.87   A 0.67 0.64 12.9 0 0 310.75 855.13   Q 310.42 855.57 309.76 855.66   Q 302.78 856.59 288.71 857.84   A 2.29 2.24 28.3 0 0 287.88 858.08   Q 286.79 858.66 285.50 858.75   Q 257.82 860.55 230.77 858.50   A 1.81 1.72 -24.2 0 1 229.92 858.20   Q 229.11 857.66 228.23 857.59   Q 212.39 856.23 209.76 855.81   Q 209.16 855.72 208.73 854.82   A 0.78 0.77 79.9 0 0 208.10 854.38   L 191.23 852.72   A 0.44 0.44 0.0 0 1 191.03 851.92   Z"/>
    <path fill="#d6e041" d="   M 638.34 867.05   Q 600.06 907.85 549.91 933.69   Q 547.05 935.16 544.29 934.22   Q 467.92 908.09 416.01 845.76   Q 413.86 843.19 412.90 841.70   A 0.44 0.44 0.0 0 1 413.45 841.06   Q 438.56 852.28 465.36 859.99   Q 475.74 862.98 480.22 863.47   Q 480.95 863.54 482.83 864.47   A 2.89 2.82 62.4 0 0 483.56 864.71   L 496.16 866.90   A 2.96 2.92 -25.5 0 1 496.94 867.17   Q 498.07 867.79 498.26 867.81   C 506.22 868.51 516.39 870.99 524.78 871.47   Q 534.65 872.04 539.28 872.56   C 554.74 874.29 570.88 874.41 585.53 873.43   Q 586.90 873.34 588.27 872.84   A 2.11 2.03 -55.5 0 1 588.76 872.74   C 598.64 872.03 608.97 871.60 619.48 869.80   C 626.81 868.54 632.14 868.08 638.07 866.58   A 0.28 0.28 0.0 0 1 638.34 867.05   Z"/>
    <path fill="#d6e041" d="   M 156.48 866.93   A 0.28 0.28 0.0 0 1 156.75 866.46   C 162.69 867.97 168.02 868.43 175.36 869.70   C 185.88 871.51 196.22 871.94 206.10 872.66   A 2.11 2.04 55.5 0 1 206.59 872.76   Q 207.96 873.26 209.34 873.35   C 224.00 874.35 240.15 874.24 255.63 872.52   Q 260.26 872.00 270.14 871.43   C 278.54 870.96 288.72 868.48 296.69 867.79   Q 296.88 867.77 298.01 867.15   A 2.96 2.92 25.5 0 1 298.79 866.88   L 311.40 864.70   A 2.89 2.82 -62.4 0 0 312.13 864.46   Q 314.02 863.53 314.75 863.46   Q 319.23 862.97 329.62 859.98   Q 356.45 852.28 381.59 841.07   A 0.44 0.44 0.0 0 1 382.14 841.71   Q 381.18 843.20 379.03 845.77   Q 327.03 908.12 250.57 934.23   Q 247.81 935.17 244.95 933.69   Q 194.77 907.80 156.48 866.93   Z"/>
    
    
    
    
    
</svg>