<svg xmlns="http://www.w3.org/2000/svg" version="1.1" viewBox="-0.00 0.00 582.00 856.00" width="153.98749999999998mm" height="226.4833333333333mm"><defs><linearGradient id="cv_grad_2" x1="0.500" y1="0.000" x2="0.500" y2="1.000"><stop offset="0.210" stop-color="#E25822"/><stop offset="1.000" stop-color="#C41E3A"/></linearGradient><linearGradient id="cv_grad_3" x1="0.500" y1="0.000" x2="0.500" y2="1.000"><stop offset="0.440" stop-color="#FEC52D"/><stop offset="1.000" stop-color="#FFFFFF"/></linearGradient></defs>
<g stroke-width="2.00" fill="none" stroke-linecap="butt">
<path stroke="transparent" vector-effect="non-scaling-stroke" d="   M 352.22 163.92   C 355.97 146.12 357.42 128.75 355.38 110.00   C 351.41 73.35 332.62 41.52 303.11 19.12   Q 298.18 15.38 292.55 12.43   C 287.32 9.69 281.66 11.21 280.76 17.85   C 275.81 54.31 250.11 83.00 226.18 109.29   A 3.42 3.41 16.2 0 1 224.23 110.36   C 185.17 117.13 146.80 126.19 110.45 140.17   Q 64.90 157.69 22.72 183.69   C 16.84 187.32 12.61 191.00 12.60 197.66   Q 12.48 270.35 12.67 584.35   Q 12.68 610.97 14.25 622.60   Q 18.47 654.05 33.36 682.91   Q 48.57 712.38 74.44 734.43   C 88.39 746.31 105.83 756.56 122.21 764.80   Q 216.78 812.39 282.81 847.30   Q 288.37 850.24 295.02 849.48   Q 298.53 849.08 306.60 844.86   Q 376.86 808.11 458.88 767.14   Q 474.26 759.45 489.30 750.14   Q 522.40 729.66 542.95 697.56   Q 565.63 662.14 570.90 621.48   Q 572.44 609.63 572.43 580.51   Q 572.31 294.05 572.40 202.33   Q 572.41 194.64 571.56 192.51   Q 569.74 187.94 565.03 185.01   Q 551.10 176.36 534.92 167.32   Q 477.56 135.29 413.75 119.11   C 403.26 116.45 393.51 113.82 387.22 112.61   C 381.12 111.43 379.17 115.42 377.88 121.08   C 373.92 138.46 366.25 152.46 352.56 164.12   A 0.21 0.21 0.0 0 1 352.22 163.92"/>
<path stroke="transparent" vector-effect="non-scaling-stroke" d="   M 250.95 355.92   L 258.65 357.38   A 0.46 0.46 0.0 0 0 259.02 356.56   C 248.26 348.30 243.59 336.90 243.59 323.16   C 243.59 306.34 250.28 292.13 259.76 278.01   Q 273.23 257.95 285.79 238.65   A 0.28 0.28 0.0 0 1 286.25 238.63   Q 303.81 261.91 317.20 281.05   Q 323.14 289.54 326.85 296.68   C 331.99 306.57 335.32 319.74 333.04 330.78   C 330.74 341.97 324.79 350.78 316.33 358.47   A 0.48 0.48 0.0 0 0 316.71 359.31   L 323.33 358.48"/>
<path stroke="transparent" vector-effect="non-scaling-stroke" d="   M 323.33 358.48   Q 339.83 357.49 355.69 350.18   C 386.51 335.97 409.09 309.26 416.02 276.27   Q 418.51 264.43 418.97 257.25   Q 422.84 197.54 391.61 146.84   A 0.58 0.58 0.0 0 0 390.58 146.91   Q 380.44 170.18 359.11 184.10   C 352.79 188.22 343.58 191.43 335.90 189.52   C 328.42 187.66 328.52 183.96 329.17 177.27   Q 329.35 175.36 329.73 173.60   Q 331.79 163.95 333.43 154.19   C 335.66 140.84 336.17 126.57 335.13 113.92   Q 331.45 69.45 297.18 39.84   A 0.38 0.37 -61.1 0 0 296.57 40.02   Q 291.14 58.43 279.95 74.97   Q 269.77 90.01 261.03 100.03   Q 229.94 135.65 226.00 140.25   C 199.86 170.69 175.71 205.74 169.58 245.73   Q 163.53 285.21 184.95 314.88   C 197.29 331.96 214.91 344.24 235.02 351.47   Q 243.47 354.51 250.95 355.92"/>
<path stroke="transparent" vector-effect="non-scaling-stroke" d="   M 323.33 358.48   Q 342.72 350.30 355.89 334.12   Q 375.70 309.81 376.08 278.27   Q 376.42 250.55 364.18 225.52   A 0.58 0.58 0.0 0 0 363.16 225.48   Q 355.57 237.98 342.76 248.26   A 1.21 1.21 0.0 0 1 340.92 247.87   Q 334.17 234.50 324.53 224.22   C 310.35 209.08 299.15 195.25 298.89 173.53   Q 298.71 158.51 302.05 141.84   Q 302.59 139.15 302.72 137.09   A 0.51 0.50 73.3 0 0 301.91 136.65   Q 295.36 141.64 288.80 148.31   Q 259.15 178.46 236.26 215.06   C 221.39 238.84 210.69 265.66 213.21 293.63   Q 215.69 321.27 234.94 341.82   Q 242.03 349.40 250.95 355.92"/>
<path stroke="transparent" vector-effect="non-scaling-stroke" d="   M 410.78 140.21   Q 433.75 177.63 438.33 221.92   Q 439.22 230.53 439.26 231.25   Q 439.34 232.63 439.37 247.31   C 439.38 256.51 438.38 265.88 436.92 273.78   Q 427.78 323.16 389.21 352.74   C 369.32 367.99 342.03 379.73 315.34 379.48   A 0.52 0.51 0.0 0 0 314.82 379.99   L 314.82 393.63   A 0.61 0.61 0.0 0 0 315.43 394.24   L 418.29 394.24   A 0.64 0.64 0.0 0 0 418.93 393.58   Q 418.77 384.30 418.87 380.51   Q 419.01 375.13 422.95 372.74   Q 424.87 371.58 431.77 371.61   Q 452.09 371.68 453.62 371.65   Q 457.15 371.59 458.82 372.19   C 463.64 373.95 464.38 377.54 464.37 382.94   Q 464.32 401.42 464.36 462.38   C 464.36 466.66 463.53 469.23 460.26 471.53   Q 458.82 472.54 452.59 472.50   Q 431.94 472.39 427.72 472.50   Q 423.33 472.62 420.93 469.69   C 418.54 466.77 418.82 463.79 418.83 459.51   Q 418.85 451.07 419.00 449.01   A 0.64 0.64 0.0 0 0 418.36 448.33   L 166.66 448.33   A 0.50 0.50 0.0 0 0 166.16 448.83   Q 166.22 463.07 166.22 463.26   Q 166.16 468.67 162.02 471.24   Q 160.08 472.43 152.86 472.35   Q 141.45 472.22 131.43 472.30   C 126.98 472.34 124.34 471.80 121.92 468.50   Q 120.71 466.84 120.72 460.76   Q 120.85 415.72 120.70 383.21   Q 120.67 377.15 122.06 375.02   Q 124.37 371.45 129.35 371.46   Q 153.25 371.49 155.91 371.44   C 163.67 371.30 166.34 375.09 166.25 382.97   Q 166.20 386.88 166.20 393.70   A 0.52 0.52 0.0 0 0 166.72 394.22   L 270.17 394.22   A 0.42 0.41 90.0 0 0 270.58 393.80   L 270.58 380.17   A 0.60 0.59 -87.4 0 0 270.04 379.57   Q 225.49 376.12 192.25 350.03   C 165.84 329.29 149.77 298.69 149.03 264.44   Q 148.81 253.75 149.40 248.17   C 153.95 205.22 176.06 168.25 203.16 135.83   A 0.27 0.27 0.0 0 0 202.89 135.39   Q 193.88 137.51 185.83 139.36   C 141.26 149.57 97.03 165.59 57.32 188.33   Q 46.91 194.30 33.93 202.37   A 1.18 1.15 74.2 0 0 33.39 203.36   L 33.39 487.79   A 1.01 1.00 90.0 0 0 34.39 488.80   L 550.89 488.80   A 0.53 0.53 0.0 0 0 551.42 488.27   L 551.42 201.48   A 0.90 0.89 15.3 0 0 550.98 200.71   Q 538.28 192.86 528.36 187.26   Q 472.67 155.82 410.91 140.03   A 0.12 0.12 0.0 0 0 410.78 140.21"/>
<path stroke="transparent" vector-effect="non-scaling-stroke" d="   M 287.93 274.25   Q 275.88 288.42 268.43 303.91   C 260.83 319.71 261.95 341.06 281.96 346.17   C 293.62 349.15 304.36 343.45 310.17 333.42   C 315.35 324.47 313.66 312.91 308.35 304.36   Q 299.94 290.83 288.34 274.27   A 0.26 0.26 0.0 0 0 287.93 274.25"/>
<path stroke="transparent" vector-effect="non-scaling-stroke" d="   M 292.46 509.46   Q 35.61 509.45 34.04 509.46   A 0.61 0.61 0.0 0 0 33.43 510.07   Q 33.42 521.19 33.45 593.87   Q 33.46 614.85 37.66 633.45   Q 51.02 692.63 99.71 727.62   C 108.13 733.68 120.44 740.74 129.32 745.25   Q 216.43 789.55 292.02 828.71   Q 292.07 828.73 292.45 828.73   Q 292.83 828.73 292.87 828.71   Q 368.47 789.55 455.58 745.26   C 464.46 740.75 476.77 733.69 485.19 727.63   Q 533.89 692.65 547.25 633.47   Q 551.45 614.87 551.46 593.89   Q 551.50 521.21 551.49 510.09   A 0.61 0.61 0.0 0 0 550.88 509.48   Q 549.31 509.47 292.46 509.46"/>
<path stroke="transparent" vector-effect="non-scaling-stroke" d="   M 245.27 571.64   L 208.72 571.64   A 0.46 0.45 90.0 0 0 208.27 572.10   L 208.27 588.66   A 0.48 0.47 90.0 0 0 208.74 589.14   L 225.37 589.14   A 0.64 0.63 0.0 0 1 226.01 589.77   L 226.01 597.67   A 1.46 1.45 -16.3 0 1 225.33 598.90   Q 217.84 603.64 208.98 603.60   C 195.41 603.55 187.71 595.20 186.13 582.58   C 185.00 573.52 187.51 563.13 194.70 557.71   Q 207.39 548.15 221.50 556.99   Q 226.06 559.84 229.12 563.43   A 0.57 0.57 0.0 0 0 229.96 563.46   L 244.55 548.87   A 0.74 0.74 0.0 0 0 244.52 547.80   C 231.10 535.64 212.36 529.51 194.67 535.00   C 179.95 539.57 168.43 551.34 165.10 566.61   C 162.58 578.18 163.68 591.22 169.46 601.08   C 179.70 618.51 199.70 627.31 219.74 622.50   C 228.95 620.29 238.78 615.62 245.53 608.69   A 1.75 1.74 -23.0 0 0 246.03 607.47   L 246.03 572.40   A 0.76 0.76 0.0 0 0 245.27 571.64"/>
<path stroke="transparent" vector-effect="non-scaling-stroke" d="   M 365.01 593.61   A 0.41 0.41 0.0 0 0 364.43 593.61   L 350.79 607.26   A 0.70 0.70 0.0 0 0 350.78 608.25   Q 363.84 621.69 382.31 623.30   C 391.53 624.11 400.40 623.29 408.35 618.77   Q 423.66 610.05 422.31 592.90   C 420.81 573.94 402.23 570.89 387.63 566.93   C 383.31 565.75 375.63 562.71 377.50 556.80   C 378.79 552.72 383.43 551.58 387.25 551.78   Q 398.64 552.39 407.18 560.52   A 0.52 0.52 0.0 0 0 407.90 560.51   L 421.15 547.25   A 1.05 1.05 0.0 0 0 421.09 545.70   Q 404.01 531.24 382.32 533.15   C 368.71 534.35 356.14 542.14 354.76 556.76   C 353.68 568.28 358.96 576.39 368.76 581.47   C 376.73 585.59 388.86 587.30 393.79 588.97   C 398.78 590.66 403.04 593.00 401.16 599.02   C 400.11 602.41 395.03 603.91 391.78 603.99   Q 375.75 604.35 365.01 593.61"/>
<path stroke="transparent" vector-effect="non-scaling-stroke" d="   M 301.28 607.12   Q 315.69 607.13 317.06 607.13   A 0.81 0.80 -9.7 0 1 317.82 607.66   L 322.85 621.34   A 0.63 0.62 -10.0 0 0 323.44 621.75   L 345.64 621.75   A 0.46 0.46 0.0 0 0 346.07 621.13   L 314.91 536.38   A 0.73 0.72 80.4 0 0 314.23 535.90   Q 309.37 535.83 301.33 535.82   Q 293.29 535.82 288.43 535.88   A 0.73 0.72 -80.3 0 0 287.75 536.36   L 256.47 621.06   A 0.46 0.46 0.0 0 0 256.90 621.69   L 279.10 621.72   A 0.63 0.62 10.0 0 0 279.69 621.31   L 284.74 607.64   A 0.81 0.80 9.7 0 1 285.50 607.11   Q 286.87 607.11 301.28 607.12"/>
<path stroke="transparent" vector-effect="non-scaling-stroke" d="   M 457.75 669.24   L 457.75 680.90   A 0.50 0.50 0.0 0 0 458.25 681.40   L 470.20 681.40   A 0.82 0.81 90.0 0 1 471.01 682.22   L 471.01 687.91   A 1.97 1.95 74.6 0 1 470.07 689.59   Q 464.22 693.16 457.36 692.64   C 448.46 691.95 443.50 685.96 442.42 677.37   C 441.35 668.79 444.34 658.91 453.52 656.05   C 461.52 653.55 468.13 657.15 473.59 662.80   A 0.38 0.38 0.0 0 0 474.13 662.80   L 484.08 652.85   A 0.76 0.76 0.0 0 0 484.05 651.74   C 471.51 640.55 454.71 636.69 440.35 646.30   C 424.89 656.65 421.73 678.81 432.09 693.49   C 444.61 711.23 468.91 711.17 484.29 697.24   A 2.96 2.96 0.0 0 0 485.26 695.05   L 485.26 669.02   A 0.44 0.44 0.0 0 0 484.82 668.58   L 458.42 668.58   A 0.67 0.66 0.0 0 0 457.75 669.24"/>
<path stroke="transparent" vector-effect="non-scaling-stroke" d="   M 118.38 705.04   A 0.57 0.57 0.0 0 0 118.95 704.47   L 118.95 681.83   A 0.57 0.57 0.0 0 1 119.52 681.26   L 142.19 681.26   A 0.57 0.57 0.0 0 0 142.76 680.69   L 142.76 669.17   A 0.57 0.57 0.0 0 0 142.19 668.60   L 119.57 668.60   A 0.57 0.57 0.0 0 1 119.00 668.03   L 119.00 656.93   A 0.57 0.57 0.0 0 1 119.57 656.36   L 145.45 656.36   A 0.57 0.57 0.0 0 0 146.02 655.79   L 146.02 643.69   A 0.57 0.57 0.0 0 0 145.45 643.12   L 104.70 643.12   A 0.57 0.57 0.0 0 0 104.13 643.69   L 104.13 704.47   A 0.57 0.57 0.0 0 0 104.70 705.04   L 118.38 705.04"/>
<path stroke="transparent" vector-effect="non-scaling-stroke" d="   M 226.24 705.00   A 0.61 0.61 0.0 0 0 226.85 704.39   L 226.85 657.01   A 0.61 0.61 0.0 0 1 227.46 656.40   L 242.73 656.40   A 0.61 0.61 0.0 0 0 243.34 655.79   L 243.34 643.74   A 0.61 0.61 0.0 0 0 242.73 643.13   L 194.66 643.13   A 0.61 0.61 0.0 0 0 194.05 643.74   L 194.05 655.83   A 0.61 0.61 0.0 0 0 194.66 656.44   L 210.71 656.44   A 0.61 0.61 0.0 0 1 211.32 657.05   L 211.32 704.39   A 0.61 0.61 0.0 0 0 211.93 705.00   L 226.24 705.00"/>
<path stroke="transparent" vector-effect="non-scaling-stroke" d="   M 281.46 704.98   Q 286.14 704.96 288.67 704.97   A 0.46 0.45 -89.7 0 0 289.13 704.51   L 289.13 657.04   A 0.65 0.64 -0.0 0 1 289.78 656.40   L 305.69 656.40   A 0.56 0.56 0.0 0 0 306.25 655.84   L 306.18 643.54   A 0.52 0.52 0.0 0 0 305.66 643.04   Q 305.35 643.03 281.28 643.10   Q 257.20 643.17 256.90 643.18   A 0.52 0.52 0.0 0 0 256.38 643.69   L 256.38 655.99   A 0.56 0.56 0.0 0 0 256.94 656.54   L 272.85 656.45   A 0.65 0.64 -0.3 0 1 273.51 657.09   L 273.79 704.56   A 0.46 0.45 89.3 0 0 274.25 705.02   Q 276.78 704.99 281.46 704.98"/>
<path stroke="transparent" vector-effect="non-scaling-stroke" d="   M 336.45 643.77   A 0.69 0.69 0.0 0 0 335.76 643.08   L 321.70 643.08   A 0.69 0.69 0.0 0 0 321.01 643.77   L 321.01 704.33   A 0.69 0.69 0.0 0 0 321.70 705.02   L 335.76 705.02   A 0.69 0.69 0.0 0 0 336.45 704.33   L 336.45 643.77"/>
<path stroke="transparent" vector-effect="non-scaling-stroke" d="   M 369.46 705.02   A 0.31 0.31 0.0 0 0 369.77 704.71   L 369.77 668.53   A 0.31 0.31 0.0 0 1 370.33 668.34   L 396.50 704.88   A 0.31 0.31 0.0 0 0 396.75 705.01   L 409.26 705.01   A 0.31 0.31 0.0 0 0 409.57 704.70   L 409.57 643.44   A 0.31 0.31 0.0 0 0 409.26 643.13   L 395.51 643.13   A 0.31 0.31 0.0 0 0 395.20 643.44   L 395.20 677.43   A 0.31 0.31 0.0 0 1 394.64 677.61   L 370.03 643.25   A 0.31 0.31 0.0 0 0 369.78 643.12   L 355.71 643.12   A 0.31 0.31 0.0 0 0 355.40 643.43   L 355.40 704.71   A 0.31 0.31 0.0 0 0 355.71 705.02   L 369.46 705.02"/>
<path stroke="transparent" vector-effect="non-scaling-stroke" d="   M 178.94 643.91   A 0.75 0.75 0.0 0 0 178.19 643.16   L 163.87 643.16   A 0.75 0.75 0.0 0 0 163.12 643.91   L 163.12 704.25   A 0.75 0.75 0.0 0 0 163.87 705.00   L 178.19 705.00   A 0.75 0.75 0.0 0 0 178.94 704.25   L 178.94 643.91"/>
<path stroke="transparent" vector-effect="non-scaling-stroke" d="   M 290.94 587.81   A 0.32 0.32 0.0 0 0 291.24 588.24   L 311.11 588.55   A 0.32 0.32 0.0 0 0 311.42 588.14   L 301.93 559.22   A 0.32 0.32 0.0 0 0 301.33 559.21   L 290.94 587.81"/>
</g>
<path fill="transparent" d="   M 582.00 0.00   L 582.00 856.00   L 0.00 856.00   L 0.00 0.00   L 582.00 0.00   Z   M 352.22 163.92   C 355.97 146.12 357.42 128.75 355.38 110.00   C 351.41 73.35 332.62 41.52 303.11 19.12   Q 298.18 15.38 292.55 12.43   C 287.32 9.69 281.66 11.21 280.76 17.85   C 275.81 54.31 250.11 83.00 226.18 109.29   A 3.42 3.41 16.2 0 1 224.23 110.36   C 185.17 117.13 146.80 126.19 110.45 140.17   Q 64.90 157.69 22.72 183.69   C 16.84 187.32 12.61 191.00 12.60 197.66   Q 12.48 270.35 12.67 584.35   Q 12.68 610.97 14.25 622.60   Q 18.47 654.05 33.36 682.91   Q 48.57 712.38 74.44 734.43   C 88.39 746.31 105.83 756.56 122.21 764.80   Q 216.78 812.39 282.81 847.30   Q 288.37 850.24 295.02 849.48   Q 298.53 849.08 306.60 844.86   Q 376.86 808.11 458.88 767.14   Q 474.26 759.45 489.30 750.14   Q 522.40 729.66 542.95 697.56   Q 565.63 662.14 570.90 621.48   Q 572.44 609.63 572.43 580.51   Q 572.31 294.05 572.40 202.33   Q 572.41 194.64 571.56 192.51   Q 569.74 187.94 565.03 185.01   Q 551.10 176.36 534.92 167.32   Q 477.56 135.29 413.75 119.11   C 403.26 116.45 393.51 113.82 387.22 112.61   C 381.12 111.43 379.17 115.42 377.88 121.08   C 373.92 138.46 366.25 152.46 352.56 164.12   A 0.21 0.21 0.0 0 1 352.22 163.92   Z" style="pointer-events:none;"/>
<path fill="#022029" d="   M 352.22 163.92   A 0.21 0.21 0.0 0 0 352.56 164.12   C 366.25 152.46 373.92 138.46 377.88 121.08   C 379.17 115.42 381.12 111.43 387.22 112.61   C 393.51 113.82 403.26 116.45 413.75 119.11   Q 477.56 135.29 534.92 167.32   Q 551.10 176.36 565.03 185.01   Q 569.74 187.94 571.56 192.51   Q 572.41 194.64 572.40 202.33   Q 572.31 294.05 572.43 580.51   Q 572.44 609.63 570.90 621.48   Q 565.63 662.14 542.95 697.56   Q 522.40 729.66 489.30 750.14   Q 474.26 759.45 458.88 767.14   Q 376.86 808.11 306.60 844.86   Q 298.53 849.08 295.02 849.48   Q 288.37 850.24 282.81 847.30   Q 216.78 812.39 122.21 764.80   C 105.83 756.56 88.39 746.31 74.44 734.43   Q 48.57 712.38 33.36 682.91   Q 18.47 654.05 14.25 622.60   Q 12.68 610.97 12.67 584.35   Q 12.48 270.35 12.60 197.66   C 12.61 191.00 16.84 187.32 22.72 183.69   Q 64.90 157.69 110.45 140.17   C 146.80 126.19 185.17 117.13 224.23 110.36   A 3.42 3.41 16.2 0 0 226.18 109.29   C 250.11 83.00 275.81 54.31 280.76 17.85   C 281.66 11.21 287.32 9.69 292.55 12.43   Q 298.18 15.38 303.11 19.12   C 332.62 41.52 351.41 73.35 355.38 110.00   C 357.42 128.75 355.97 146.12 352.22 163.92   Z   M 250.95 355.92   L 258.65 357.38   A 0.46 0.46 0.0 0 0 259.02 356.56   C 248.26 348.30 243.59 336.90 243.59 323.16   C 243.59 306.34 250.28 292.13 259.76 278.01   Q 273.23 257.95 285.79 238.65   A 0.28 0.28 0.0 0 1 286.25 238.63   Q 303.81 261.91 317.20 281.05   Q 323.14 289.54 326.85 296.68   C 331.99 306.57 335.32 319.74 333.04 330.78   C 330.74 341.97 324.79 350.78 316.33 358.47   A 0.48 0.48 0.0 0 0 316.71 359.31   L 323.33 358.48   Q 339.83 357.49 355.69 350.18   C 386.51 335.97 409.09 309.26 416.02 276.27   Q 418.51 264.43 418.97 257.25   Q 422.84 197.54 391.61 146.84   A 0.58 0.58 0.0 0 0 390.58 146.91   Q 380.44 170.18 359.11 184.10   C 352.79 188.22 343.58 191.43 335.90 189.52   C 328.42 187.66 328.52 183.96 329.17 177.27   Q 329.35 175.36 329.73 173.60   Q 331.79 163.95 333.43 154.19   C 335.66 140.84 336.17 126.57 335.13 113.92   Q 331.45 69.45 297.18 39.84   A 0.38 0.37 -61.1 0 0 296.57 40.02   Q 291.14 58.43 279.95 74.97   Q 269.77 90.01 261.03 100.03   Q 229.94 135.65 226.00 140.25   C 199.86 170.69 175.71 205.74 169.58 245.73   Q 163.53 285.21 184.95 314.88   C 197.29 331.96 214.91 344.24 235.02 351.47   Q 243.47 354.51 250.95 355.92   Z   M 410.78 140.21   Q 433.75 177.63 438.33 221.92   Q 439.22 230.53 439.26 231.25   Q 439.34 232.63 439.37 247.31   C 439.38 256.51 438.38 265.88 436.92 273.78   Q 427.78 323.16 389.21 352.74   C 369.32 367.99 342.03 379.73 315.34 379.48   A 0.52 0.51 0.0 0 0 314.82 379.99   L 314.82 393.63   A 0.61 0.61 0.0 0 0 315.43 394.24   L 418.29 394.24   A 0.64 0.64 0.0 0 0 418.93 393.58   Q 418.77 384.30 418.87 380.51   Q 419.01 375.13 422.95 372.74   Q 424.87 371.58 431.77 371.61   Q 452.09 371.68 453.62 371.65   Q 457.15 371.59 458.82 372.19   C 463.64 373.95 464.38 377.54 464.37 382.94   Q 464.32 401.42 464.36 462.38   C 464.36 466.66 463.53 469.23 460.26 471.53   Q 458.82 472.54 452.59 472.50   Q 431.94 472.39 427.72 472.50   Q 423.33 472.62 420.93 469.69   C 418.54 466.77 418.82 463.79 418.83 459.51   Q 418.85 451.07 419.00 449.01   A 0.64 0.64 0.0 0 0 418.36 448.33   L 166.66 448.33   A 0.50 0.50 0.0 0 0 166.16 448.83   Q 166.22 463.07 166.22 463.26   Q 166.16 468.67 162.02 471.24   Q 160.08 472.43 152.86 472.35   Q 141.45 472.22 131.43 472.30   C 126.98 472.34 124.34 471.80 121.92 468.50   Q 120.71 466.84 120.72 460.76   Q 120.85 415.72 120.70 383.21   Q 120.67 377.15 122.06 375.02   Q 124.37 371.45 129.35 371.46   Q 153.25 371.49 155.91 371.44   C 163.67 371.30 166.34 375.09 166.25 382.97   Q 166.20 386.88 166.20 393.70   A 0.52 0.52 0.0 0 0 166.72 394.22   L 270.17 394.22   A 0.42 0.41 90.0 0 0 270.58 393.80   L 270.58 380.17   A 0.60 0.59 -87.4 0 0 270.04 379.57   Q 225.49 376.12 192.25 350.03   C 165.84 329.29 149.77 298.69 149.03 264.44   Q 148.81 253.75 149.40 248.17   C 153.95 205.22 176.06 168.25 203.16 135.83   A 0.27 0.27 0.0 0 0 202.89 135.39   Q 193.88 137.51 185.83 139.36   C 141.26 149.57 97.03 165.59 57.32 188.33   Q 46.91 194.30 33.93 202.37   A 1.18 1.15 74.2 0 0 33.39 203.36   L 33.39 487.79   A 1.01 1.00 90.0 0 0 34.39 488.80   L 550.89 488.80   A 0.53 0.53 0.0 0 0 551.42 488.27   L 551.42 201.48   A 0.90 0.89 15.3 0 0 550.98 200.71   Q 538.28 192.86 528.36 187.26   Q 472.67 155.82 410.91 140.03   A 0.12 0.12 0.0 0 0 410.78 140.21   Z   M 287.93 274.25   Q 275.88 288.42 268.43 303.91   C 260.83 319.71 261.95 341.06 281.96 346.17   C 293.62 349.15 304.36 343.45 310.17 333.42   C 315.35 324.47 313.66 312.91 308.35 304.36   Q 299.94 290.83 288.34 274.27   A 0.26 0.26 0.0 0 0 287.93 274.25   Z   M 292.46 509.46   Q 35.61 509.45 34.04 509.46   A 0.61 0.61 0.0 0 0 33.43 510.07   Q 33.42 521.19 33.45 593.87   Q 33.46 614.85 37.66 633.45   Q 51.02 692.63 99.71 727.62   C 108.13 733.68 120.44 740.74 129.32 745.25   Q 216.43 789.55 292.02 828.71   Q 292.07 828.73 292.45 828.73   Q 292.83 828.73 292.87 828.71   Q 368.47 789.55 455.58 745.26   C 464.46 740.75 476.77 733.69 485.19 727.63   Q 533.89 692.65 547.25 633.47   Q 551.45 614.87 551.46 593.89   Q 551.50 521.21 551.49 510.09   A 0.61 0.61 0.0 0 0 550.88 509.48   Q 549.31 509.47 292.46 509.46   Z"/>
<path fill="url(#cv_grad_2)" d="   M 323.33 358.48   Q 342.72 350.30 355.89 334.12   Q 375.70 309.81 376.08 278.27   Q 376.42 250.55 364.18 225.52   A 0.58 0.58 0.0 0 0 363.16 225.48   Q 355.57 237.98 342.76 248.26   A 1.21 1.21 0.0 0 1 340.92 247.87   Q 334.17 234.50 324.53 224.22   C 310.35 209.08 299.15 195.25 298.89 173.53   Q 298.71 158.51 302.05 141.84   Q 302.59 139.15 302.72 137.09   A 0.51 0.50 73.3 0 0 301.91 136.65   Q 295.36 141.64 288.80 148.31   Q 259.15 178.46 236.26 215.06   C 221.39 238.84 210.69 265.66 213.21 293.63   Q 215.69 321.27 234.94 341.82   Q 242.03 349.40 250.95 355.92   Q 243.47 354.51 235.02 351.47   C 214.91 344.24 197.29 331.96 184.95 314.88   Q 163.53 285.21 169.58 245.73   C 175.71 205.74 199.86 170.69 226.00 140.25   Q 229.94 135.65 261.03 100.03   Q 269.77 90.01 279.95 74.97   Q 291.14 58.43 296.57 40.02   A 0.38 0.37 -61.1 0 1 297.18 39.84   Q 331.45 69.45 335.13 113.92   C 336.17 126.57 335.66 140.84 333.43 154.19   Q 331.79 163.95 329.73 173.60   Q 329.35 175.36 329.17 177.27   C 328.52 183.96 328.42 187.66 335.90 189.52   C 343.58 191.43 352.79 188.22 359.11 184.10   Q 380.44 170.18 390.58 146.91   A 0.58 0.58 0.0 0 1 391.61 146.84   Q 422.84 197.54 418.97 257.25   Q 418.51 264.43 416.02 276.27   C 409.09 309.26 386.51 335.97 355.69 350.18   Q 339.83 357.49 323.33 358.48   Z"/>
<path fill="#ffffff" d="   M 410.78 140.21   A 0.12 0.12 0.0 0 1 410.91 140.03   Q 472.67 155.82 528.36 187.26   Q 538.28 192.86 550.98 200.71   A 0.90 0.89 15.3 0 1 551.42 201.48   L 551.42 488.27   A 0.53 0.53 0.0 0 1 550.89 488.80   L 34.39 488.80   A 1.01 1.00 -90.0 0 1 33.39 487.79   L 33.39 203.36   A 1.18 1.15 74.2 0 1 33.93 202.37   Q 46.91 194.30 57.32 188.33   C 97.03 165.59 141.26 149.57 185.83 139.36   Q 193.88 137.51 202.89 135.39   A 0.27 0.27 0.0 0 1 203.16 135.83   C 176.06 168.25 153.95 205.22 149.40 248.17   Q 148.81 253.75 149.03 264.44   C 149.77 298.69 165.84 329.29 192.25 350.03   Q 225.49 376.12 270.04 379.57   A 0.60 0.59 -87.4 0 1 270.58 380.17   L 270.58 393.80   A 0.42 0.41 -90.0 0 1 270.17 394.22   L 166.72 394.22   A 0.52 0.52 0.0 0 1 166.20 393.70   Q 166.20 386.88 166.25 382.97   C 166.34 375.09 163.67 371.30 155.91 371.44   Q 153.25 371.49 129.35 371.46   Q 124.37 371.45 122.06 375.02   Q 120.67 377.15 120.70 383.21   Q 120.85 415.72 120.72 460.76   Q 120.71 466.84 121.92 468.50   C 124.34 471.80 126.98 472.34 131.43 472.30   Q 141.45 472.22 152.86 472.35   Q 160.08 472.43 162.02 471.24   Q 166.16 468.67 166.22 463.26   Q 166.22 463.07 166.16 448.83   A 0.50 0.50 0.0 0 1 166.66 448.33   L 418.36 448.33   A 0.64 0.64 0.0 0 1 419.00 449.01   Q 418.85 451.07 418.83 459.51   C 418.82 463.79 418.54 466.77 420.93 469.69   Q 423.33 472.62 427.72 472.50   Q 431.94 472.39 452.59 472.50   Q 458.82 472.54 460.26 471.53   C 463.53 469.23 464.36 466.66 464.36 462.38   Q 464.32 401.42 464.37 382.94   C 464.38 377.54 463.64 373.95 458.82 372.19   Q 457.15 371.59 453.62 371.65   Q 452.09 371.68 431.77 371.61   Q 424.87 371.58 422.95 372.74   Q 419.01 375.13 418.87 380.51   Q 418.77 384.30 418.93 393.58   A 0.64 0.64 0.0 0 1 418.29 394.24   L 315.43 394.24   A 0.61 0.61 0.0 0 1 314.82 393.63   L 314.82 379.99   A 0.52 0.51 0.0 0 1 315.34 379.48   C 342.03 379.73 369.32 367.99 389.21 352.74   Q 427.78 323.16 436.92 273.78   C 438.38 265.88 439.38 256.51 439.37 247.31   Q 439.34 232.63 439.26 231.25   Q 439.22 230.53 438.33 221.92   Q 433.75 177.63 410.78 140.21   Z"/>
<path fill="url(#cv_grad_3)" d="   M 323.33 358.48   L 316.71 359.31   A 0.48 0.48 0.0 0 1 316.33 358.47   C 324.79 350.78 330.74 341.97 333.04 330.78   C 335.32 319.74 331.99 306.57 326.85 296.68   Q 323.14 289.54 317.20 281.05   Q 303.81 261.91 286.25 238.63   A 0.28 0.28 0.0 0 0 285.79 238.65   Q 273.23 257.95 259.76 278.01   C 250.28 292.13 243.59 306.34 243.59 323.16   C 243.59 336.90 248.26 348.30 259.02 356.56   A 0.46 0.46 0.0 0 1 258.65 357.38   L 250.95 355.92   Q 242.03 349.40 234.94 341.82   Q 215.69 321.27 213.21 293.63   C 210.69 265.66 221.39 238.84 236.26 215.06   Q 259.15 178.46 288.80 148.31   Q 295.36 141.64 301.91 136.65   A 0.51 0.50 73.3 0 1 302.72 137.09   Q 302.59 139.15 302.05 141.84   Q 298.71 158.51 298.89 173.53   C 299.15 195.25 310.35 209.08 324.53 224.22   Q 334.17 234.50 340.92 247.87   A 1.21 1.21 0.0 0 0 342.76 248.26   Q 355.57 237.98 363.16 225.48   A 0.58 0.58 0.0 0 1 364.18 225.52   Q 376.42 250.55 376.08 278.27   Q 375.70 309.81 355.89 334.12   Q 342.72 350.30 323.33 358.48   Z"/>
<path fill="#ffffff" d="   M 287.93 274.25   A 0.26 0.26 0.0 0 1 288.34 274.27   Q 299.94 290.83 308.35 304.36   C 313.66 312.91 315.35 324.47 310.17 333.42   C 304.36 343.45 293.62 349.15 281.96 346.17   C 261.95 341.06 260.83 319.71 268.43 303.91   Q 275.88 288.42 287.93 274.25   Z"/>
<path fill="#3cbec0" d="   M 292.45 828.73   Q 292.07 828.73 292.02 828.71   Q 216.43 789.55 129.32 745.25   C 120.44 740.74 108.13 733.68 99.71 727.62   Q 51.02 692.63 37.66 633.45   Q 33.46 614.85 33.45 593.87   Q 33.42 521.19 33.43 510.07   A 0.61 0.61 0.0 0 1 34.04 509.46   Q 35.61 509.45 292.46 509.46   Q 549.31 509.47 550.88 509.48   A 0.61 0.61 0.0 0 1 551.49 510.09   Q 551.50 521.21 551.46 593.89   Q 551.45 614.87 547.25 633.47   Q 533.89 692.65 485.19 727.63   C 476.77 733.69 464.46 740.75 455.58 745.26   Q 368.47 789.55 292.87 828.71   Q 292.83 828.73 292.45 828.73   Z   M 245.27 571.64   L 208.72 571.64   A 0.46 0.45 90.0 0 0 208.27 572.10   L 208.27 588.66   A 0.48 0.47 90.0 0 0 208.74 589.14   L 225.37 589.14   A 0.64 0.63 0.0 0 1 226.01 589.77   L 226.01 597.67   A 1.46 1.45 -16.3 0 1 225.33 598.90   Q 217.84 603.64 208.98 603.60   C 195.41 603.55 187.71 595.20 186.13 582.58   C 185.00 573.52 187.51 563.13 194.70 557.71   Q 207.39 548.15 221.50 556.99   Q 226.06 559.84 229.12 563.43   A 0.57 0.57 0.0 0 0 229.96 563.46   L 244.55 548.87   A 0.74 0.74 0.0 0 0 244.52 547.80   C 231.10 535.64 212.36 529.51 194.67 535.00   C 179.95 539.57 168.43 551.34 165.10 566.61   C 162.58 578.18 163.68 591.22 169.46 601.08   C 179.70 618.51 199.70 627.31 219.74 622.50   C 228.95 620.29 238.78 615.62 245.53 608.69   A 1.75 1.74 -23.0 0 0 246.03 607.47   L 246.03 572.40   A 0.76 0.76 0.0 0 0 245.27 571.64   Z   M 365.01 593.61   A 0.41 0.41 0.0 0 0 364.43 593.61   L 350.79 607.26   A 0.70 0.70 0.0 0 0 350.78 608.25   Q 363.84 621.69 382.31 623.30   C 391.53 624.11 400.40 623.29 408.35 618.77   Q 423.66 610.05 422.31 592.90   C 420.81 573.94 402.23 570.89 387.63 566.93   C 383.31 565.75 375.63 562.71 377.50 556.80   C 378.79 552.72 383.43 551.58 387.25 551.78   Q 398.64 552.39 407.18 560.52   A 0.52 0.52 0.0 0 0 407.90 560.51   L 421.15 547.25   A 1.05 1.05 0.0 0 0 421.09 545.70   Q 404.01 531.24 382.32 533.15   C 368.71 534.35 356.14 542.14 354.76 556.76   C 353.68 568.28 358.96 576.39 368.76 581.47   C 376.73 585.59 388.86 587.30 393.79 588.97   C 398.78 590.66 403.04 593.00 401.16 599.02   C 400.11 602.41 395.03 603.91 391.78 603.99   Q 375.75 604.35 365.01 593.61   Z   M 301.28 607.12   Q 315.69 607.13 317.06 607.13   A 0.81 0.80 -9.7 0 1 317.82 607.66   L 322.85 621.34   A 0.63 0.62 -10.0 0 0 323.44 621.75   L 345.64 621.75   A 0.46 0.46 0.0 0 0 346.07 621.13   L 314.91 536.38   A 0.73 0.72 80.4 0 0 314.23 535.90   Q 309.37 535.83 301.33 535.82   Q 293.29 535.82 288.43 535.88   A 0.73 0.72 -80.3 0 0 287.75 536.36   L 256.47 621.06   A 0.46 0.46 0.0 0 0 256.90 621.69   L 279.10 621.72   A 0.63 0.62 10.0 0 0 279.69 621.31   L 284.74 607.64   A 0.81 0.80 9.7 0 1 285.50 607.11   Q 286.87 607.11 301.28 607.12   Z   M 457.75 669.24   L 457.75 680.90   A 0.50 0.50 0.0 0 0 458.25 681.40   L 470.20 681.40   A 0.82 0.81 90.0 0 1 471.01 682.22   L 471.01 687.91   A 1.97 1.95 74.6 0 1 470.07 689.59   Q 464.22 693.16 457.36 692.64   C 448.46 691.95 443.50 685.96 442.42 677.37   C 441.35 668.79 444.34 658.91 453.52 656.05   C 461.52 653.55 468.13 657.15 473.59 662.80   A 0.38 0.38 0.0 0 0 474.13 662.80   L 484.08 652.85   A 0.76 0.76 0.0 0 0 484.05 651.74   C 471.51 640.55 454.71 636.69 440.35 646.30   C 424.89 656.65 421.73 678.81 432.09 693.49   C 444.61 711.23 468.91 711.17 484.29 697.24   A 2.96 2.96 0.0 0 0 485.26 695.05   L 485.26 669.02   A 0.44 0.44 0.0 0 0 484.82 668.58   L 458.42 668.58   A 0.67 0.66 0.0 0 0 457.75 669.24   Z   M 118.38 705.04   A 0.57 0.57 0.0 0 0 118.95 704.47   L 118.95 681.83   A 0.57 0.57 0.0 0 1 119.52 681.26   L 142.19 681.26   A 0.57 0.57 0.0 0 0 142.76 680.69   L 142.76 669.17   A 0.57 0.57 0.0 0 0 142.19 668.60   L 119.57 668.60   A 0.57 0.57 0.0 0 1 119.00 668.03   L 119.00 656.93   A 0.57 0.57 0.0 0 1 119.57 656.36   L 145.45 656.36   A 0.57 0.57 0.0 0 0 146.02 655.79   L 146.02 643.69   A 0.57 0.57 0.0 0 0 145.45 643.12   L 104.70 643.12   A 0.57 0.57 0.0 0 0 104.13 643.69   L 104.13 704.47   A 0.57 0.57 0.0 0 0 104.70 705.04   L 118.38 705.04   Z   M 226.24 705.00   A 0.61 0.61 0.0 0 0 226.85 704.39   L 226.85 657.01   A 0.61 0.61 0.0 0 1 227.46 656.40   L 242.73 656.40   A 0.61 0.61 0.0 0 0 243.34 655.79   L 243.34 643.74   A 0.61 0.61 0.0 0 0 242.73 643.13   L 194.66 643.13   A 0.61 0.61 0.0 0 0 194.05 643.74   L 194.05 655.83   A 0.61 0.61 0.0 0 0 194.66 656.44   L 210.71 656.44   A 0.61 0.61 0.0 0 1 211.32 657.05   L 211.32 704.39   A 0.61 0.61 0.0 0 0 211.93 705.00   L 226.24 705.00   Z   M 281.46 704.98   Q 286.14 704.96 288.67 704.97   A 0.46 0.45 -89.7 0 0 289.13 704.51   L 289.13 657.04   A 0.65 0.64 -0.0 0 1 289.78 656.40   L 305.69 656.40   A 0.56 0.56 0.0 0 0 306.25 655.84   L 306.18 643.54   A 0.52 0.52 0.0 0 0 305.66 643.04   Q 305.35 643.03 281.28 643.10   Q 257.20 643.17 256.90 643.18   A 0.52 0.52 0.0 0 0 256.38 643.69   L 256.38 655.99   A 0.56 0.56 0.0 0 0 256.94 656.54   L 272.85 656.45   A 0.65 0.64 -0.3 0 1 273.51 657.09   L 273.79 704.56   A 0.46 0.45 89.3 0 0 274.25 705.02   Q 276.78 704.99 281.46 704.98   Z   M 336.45 643.77   A 0.69 0.69 0.0 0 0 335.76 643.08   L 321.70 643.08   A 0.69 0.69 0.0 0 0 321.01 643.77   L 321.01 704.33   A 0.69 0.69 0.0 0 0 321.70 705.02   L 335.76 705.02   A 0.69 0.69 0.0 0 0 336.45 704.33   L 336.45 643.77   Z   M 369.46 705.02   A 0.31 0.31 0.0 0 0 369.77 704.71   L 369.77 668.53   A 0.31 0.31 0.0 0 1 370.33 668.34   L 396.50 704.88   A 0.31 0.31 0.0 0 0 396.75 705.01   L 409.26 705.01   A 0.31 0.31 0.0 0 0 409.57 704.70   L 409.57 643.44   A 0.31 0.31 0.0 0 0 409.26 643.13   L 395.51 643.13   A 0.31 0.31 0.0 0 0 395.20 643.44   L 395.20 677.43   A 0.31 0.31 0.0 0 1 394.64 677.61   L 370.03 643.25   A 0.31 0.31 0.0 0 0 369.78 643.12   L 355.71 643.12   A 0.31 0.31 0.0 0 0 355.40 643.43   L 355.40 704.71   A 0.31 0.31 0.0 0 0 355.71 705.02   L 369.46 705.02   Z   M 178.94 643.91   A 0.75 0.75 0.0 0 0 178.19 643.16   L 163.87 643.16   A 0.75 0.75 0.0 0 0 163.12 643.91   L 163.12 704.25   A 0.75 0.75 0.0 0 0 163.87 705.00   L 178.19 705.00   A 0.75 0.75 0.0 0 0 178.94 704.25   L 178.94 643.91   Z"/>
<path fill="#022028" d="   M 246.03 572.40   L 246.03 607.47   A 1.75 1.74 -23.0 0 1 245.53 608.69   C 238.78 615.62 228.95 620.29 219.74 622.50   C 199.70 627.31 179.70 618.51 169.46 601.08   C 163.68 591.22 162.58 578.18 165.10 566.61   C 168.43 551.34 179.95 539.57 194.67 535.00   C 212.36 529.51 231.10 535.64 244.52 547.80   A 0.74 0.74 0.0 0 1 244.55 548.87   L 229.96 563.46   A 0.57 0.57 0.0 0 1 229.12 563.43   Q 226.06 559.84 221.50 556.99   Q 207.39 548.15 194.70 557.71   C 187.51 563.13 185.00 573.52 186.13 582.58   C 187.71 595.20 195.41 603.55 208.98 603.60   Q 217.84 603.64 225.33 598.90   A 1.46 1.45 -16.3 0 0 226.01 597.67   L 226.01 589.77   A 0.64 0.63 0.0 0 0 225.37 589.14   L 208.74 589.14   A 0.48 0.47 -90.0 0 1 208.27 588.66   L 208.27 572.10   A 0.46 0.45 90.0 0 1 208.72 571.64   L 245.27 571.64   A 0.76 0.76 0.0 0 1 246.03 572.40   Z"/>
<path fill="#022028" d="   M 365.01 593.61   Q 375.75 604.35 391.78 603.99   C 395.03 603.91 400.11 602.41 401.16 599.02   C 403.04 593.00 398.78 590.66 393.79 588.97   C 388.86 587.30 376.73 585.59 368.76 581.47   C 358.96 576.39 353.68 568.28 354.76 556.76   C 356.14 542.14 368.71 534.35 382.32 533.15   Q 404.01 531.24 421.09 545.70   A 1.05 1.05 0.0 0 1 421.15 547.25   L 407.90 560.51   A 0.52 0.52 0.0 0 1 407.18 560.52   Q 398.64 552.39 387.25 551.78   C 383.43 551.58 378.79 552.72 377.50 556.80   C 375.63 562.71 383.31 565.75 387.63 566.93   C 402.23 570.89 420.81 573.94 422.31 592.90   Q 423.66 610.05 408.35 618.77   C 400.40 623.29 391.53 624.11 382.31 623.30   Q 363.84 621.69 350.78 608.25   A 0.70 0.70 0.0 0 1 350.79 607.26   L 364.43 593.61   A 0.41 0.41 0.0 0 1 365.01 593.61   Z"/>
<path fill="#022028" d="   M 301.33 535.82   Q 309.37 535.83 314.23 535.90   A 0.73 0.72 80.4 0 1 314.91 536.38   L 346.07 621.13   A 0.46 0.46 0.0 0 1 345.64 621.75   L 323.44 621.75   A 0.63 0.62 -10.0 0 1 322.85 621.34   L 317.82 607.66   A 0.81 0.80 -9.7 0 0 317.06 607.13   Q 315.69 607.13 301.28 607.12   Q 286.87 607.11 285.50 607.11   A 0.81 0.80 9.7 0 0 284.74 607.64   L 279.69 621.31   A 0.63 0.62 10.0 0 1 279.10 621.72   L 256.90 621.69   A 0.46 0.46 0.0 0 1 256.47 621.06   L 287.75 536.36   A 0.73 0.72 -80.3 0 1 288.43 535.88   Q 293.29 535.82 301.33 535.82   Z   M 290.94 587.81   A 0.32 0.32 0.0 0 0 291.24 588.24   L 311.11 588.55   A 0.32 0.32 0.0 0 0 311.42 588.14   L 301.93 559.22   A 0.32 0.32 0.0 0 0 301.33 559.21   L 290.94 587.81   Z"/>
<path fill="#3cbec0" d="   M 290.94 587.81   L 301.33 559.21   A 0.32 0.32 0.0 0 1 301.93 559.22   L 311.42 588.14   A 0.32 0.32 0.0 0 1 311.11 588.55   L 291.24 588.24   A 0.32 0.32 0.0 0 1 290.94 587.81   Z"/>
<path fill="#022028" d="   M 458.42 668.58   L 484.82 668.58   A 0.44 0.44 0.0 0 1 485.26 669.02   L 485.26 695.05   A 2.96 2.96 0.0 0 1 484.29 697.24   C 468.91 711.17 444.61 711.23 432.09 693.49   C 421.73 678.81 424.89 656.65 440.35 646.30   C 454.71 636.69 471.51 640.55 484.05 651.74   A 0.76 0.76 0.0 0 1 484.08 652.85   L 474.13 662.80   A 0.38 0.38 0.0 0 1 473.59 662.80   C 468.13 657.15 461.52 653.55 453.52 656.05   C 444.34 658.91 441.35 668.79 442.42 677.37   C 443.50 685.96 448.46 691.95 457.36 692.64   Q 464.22 693.16 470.07 689.59   A 1.97 1.95 74.6 0 0 471.01 687.91   L 471.01 682.22   A 0.82 0.81 90.0 0 0 470.20 681.40   L 458.25 681.40   A 0.50 0.50 0.0 0 1 457.75 680.90   L 457.75 669.24   A 0.67 0.66 -0.0 0 1 458.42 668.58   Z"/>
<path fill="#022028" d="   M 118.38 705.04   L 104.70 705.04   A 0.57 0.57 0.0 0 1 104.13 704.47   L 104.13 643.69   A 0.57 0.57 0.0 0 1 104.70 643.12   L 145.45 643.12   A 0.57 0.57 0.0 0 1 146.02 643.69   L 146.02 655.79   A 0.57 0.57 0.0 0 1 145.45 656.36   L 119.57 656.36   A 0.57 0.57 0.0 0 0 119.00 656.93   L 119.00 668.03   A 0.57 0.57 0.0 0 0 119.57 668.60   L 142.19 668.60   A 0.57 0.57 0.0 0 1 142.76 669.17   L 142.76 680.69   A 0.57 0.57 0.0 0 1 142.19 681.26   L 119.52 681.26   A 0.57 0.57 0.0 0 0 118.95 681.83   L 118.95 704.47   A 0.57 0.57 0.0 0 1 118.38 705.04   Z"/>
<path fill="#022028" d="   M 226.24 705.00   L 211.93 705.00   A 0.61 0.61 0.0 0 1 211.32 704.39   L 211.32 657.05   A 0.61 0.61 0.0 0 0 210.71 656.44   L 194.66 656.44   A 0.61 0.61 0.0 0 1 194.05 655.83   L 194.05 643.74   A 0.61 0.61 0.0 0 1 194.66 643.13   L 242.73 643.13   A 0.61 0.61 0.0 0 1 243.34 643.74   L 243.34 655.79   A 0.61 0.61 0.0 0 1 242.73 656.40   L 227.46 656.40   A 0.61 0.61 0.0 0 0 226.85 657.01   L 226.85 704.39   A 0.61 0.61 0.0 0 1 226.24 705.00   Z"/>
<path fill="#022028" d="   M 281.28 643.10   Q 305.35 643.03 305.66 643.04   A 0.52 0.52 0.0 0 1 306.18 643.54   L 306.25 655.84   A 0.56 0.56 0.0 0 1 305.69 656.40   L 289.78 656.40   A 0.65 0.64 0.0 0 0 289.13 657.04   L 289.13 704.51   A 0.46 0.45 -89.7 0 1 288.67 704.97   Q 286.14 704.96 281.46 704.98   Q 276.78 704.99 274.25 705.02   A 0.46 0.45 89.3 0 1 273.79 704.56   L 273.51 657.09   A 0.65 0.64 -0.3 0 0 272.85 656.45   L 256.94 656.54   A 0.56 0.56 0.0 0 1 256.38 655.99   L 256.38 643.69   A 0.52 0.52 0.0 0 1 256.90 643.18   Q 257.20 643.17 281.28 643.10   Z"/>
<rect fill="#022028" x="321.01" y="643.08" width="15.44" height="61.94" rx="0.69"/>
<path fill="#022028" d="   M 369.46 705.02   L 355.71 705.02   A 0.31 0.31 0.0 0 1 355.40 704.71   L 355.40 643.43   A 0.31 0.31 0.0 0 1 355.71 643.12   L 369.78 643.12   A 0.31 0.31 0.0 0 1 370.03 643.25   L 394.64 677.61   A 0.31 0.31 0.0 0 0 395.20 677.43   L 395.20 643.44   A 0.31 0.31 0.0 0 1 395.51 643.13   L 409.26 643.13   A 0.31 0.31 0.0 0 1 409.57 643.44   L 409.57 704.70   A 0.31 0.31 0.0 0 1 409.26 705.01   L 396.75 705.01   A 0.31 0.31 0.0 0 1 396.50 704.88   L 370.33 668.34   A 0.31 0.31 0.0 0 0 369.77 668.53   L 369.77 704.71   A 0.31 0.31 0.0 0 1 369.46 705.02   Z"/>
<rect fill="#022028" x="163.12" y="643.16" width="15.82" height="61.84" rx="0.75"/>
</svg>