<svg xmlns="http://www.w3.org/2000/svg" 
                      viewBox="0 0 570 635.06"
                      preserveAspectRatio="xMidYMid meet"
                      data-content-extracted="true"
                      data-original-bounds="-30,-29.06,540,606">
                        <g transform="translate(30, 29.06)">
                          <defs/>
<g stroke-width="2.00" fill="none" stroke-linecap="butt">
<path stroke="#afc288" vector-effect="non-scaling-stroke" d="   M 0.00 313.60   Q 2.87 368.28 29.33 414.15   C 57.80 463.52 103.79 500.52 158.08 517.14   C 255.84 547.08 361.38 506.98 414.65 419.80   C 448.27 364.76 456.59 298.50 437.33 236.23"/>
<path stroke="#c7d780" vector-effect="non-scaling-stroke" d="   M 437.33 236.23   Q 441.46 235.75 445.74 235.17   Q 459.43 233.32 470.69 226.22   C 489.79 214.17 505.85 194.51 516.25 174.64   Q 523.56 160.66 528.68 141.00   Q 535.12 116.24 537.19 90.93   A 0.33 0.32 68.9 0 0 536.63 90.68   Q 529.25 98.47 522.26 104.49   C 509.58 115.42 493.55 125.79 477.22 127.95   A 0.45 0.44 -9.1 0 1 476.73 127.60   Q 472.49 106.47 464.04 87.59   Q 456.26 70.20 442.26 51.78   Q 422.36 25.62 398.13 3.60   A 0.34 0.34 0.0 0 0 397.57 3.91   Q 402.33 29.92 399.57 55.74   Q 397.73 72.90 390.12 88.11   C 381.91 104.51 373.78 114.49 367.62 128.04   Q 359.35 146.23 357.76 167.63   Q 356.37 186.31 361.92 199.49   C 369.09 216.54 383.42 228.26 400.35 235.18   A 0.33 0.33 0.0 0 0 400.80 234.82   L 399.78 228.70"/>
<path stroke="#afc288" vector-effect="non-scaling-stroke" d="   M 399.78 228.70   C 446.68 340.47 379.52 466.56 261.24 490.52   C 154.75 512.09 51.47 439.30 34.85 332.47   Q 28.67 292.78 39.07 253.82   C 52.82 202.34 88.38 158.00 135.45 133.71   Q 199.87 100.46 272.03 118.11   Q 279.78 120.01 282.15 119.72   C 295.92 118.10 301.59 101.19 291.53 91.38   Q 288.36 88.28 277.30 85.66   Q 238.06 76.37 199.13 80.63   C 142.89 86.77 90.14 114.69 53.64 157.63   Q 4.25 215.72 0.00 293.08"/>
<path stroke="#dbeac4" vector-effect="non-scaling-stroke" d="   M 157.01 243.29   C 156.96 260.78 164.28 274.76 179.19 283.52   Q 188.20 288.82 198.81 289.71   Q 224.87 291.92 242.38 272.74   A 0.33 0.32 44.3 0 0 242.37 272.30   L 231.22 261.16   A 0.50 0.49 -43.8 0 0 230.52 261.15   C 224.24 266.99 218.46 271.29 210.26 272.95   C 191.20 276.82 173.93 263.10 173.99 243.34   C 174.05 223.57 191.40 209.96 210.44 213.94   C 218.63 215.65 224.38 219.98 230.63 225.86   A 0.50 0.49 44.1 0 0 231.33 225.86   L 242.54 214.78   A 0.33 0.32 -44.0 0 0 242.56 214.34   Q 225.16 195.06 199.09 197.11   Q 188.47 197.94 179.43 203.18   C 164.47 211.86 157.06 225.79 157.01 243.29"/>
<path stroke="#dbeac4" vector-effect="non-scaling-stroke" d="   M 315.5116 196.7722   A 46.68 46.19 -93.4 0 0 272.1713 246.1094   A 46.68 46.19 -93.4 0 0 321.0484 289.9678   A 46.68 46.19 -93.4 0 0 364.3887 240.6306   A 46.68 46.19 -93.4 0 0 315.5116 196.7722"/>
<path stroke="#dbeac4" vector-effect="non-scaling-stroke" d="   M 125.98 287.76   A 0.55 0.55 0.0 0 0 126.53 287.21   L 126.53 271.30   A 0.55 0.55 0.0 0 0 125.98 270.75   L 95.52 270.75   A 0.55 0.55 0.0 0 1 94.97 270.20   L 94.97 248.31   A 0.55 0.55 0.0 0 1 95.52 247.76   L 125.97 247.76   A 0.55 0.55 0.0 0 0 126.52 247.21   L 126.52 232.06   A 0.55 0.55 0.0 0 0 125.97 231.51   L 95.52 231.51   A 0.55 0.55 0.0 0 1 94.97 230.96   L 94.97 216.31   A 0.55 0.55 0.0 0 1 95.52 215.76   L 125.97 215.76   A 0.55 0.55 0.0 0 0 126.52 215.21   L 126.52 199.56   A 0.55 0.55 0.0 0 0 125.97 199.01   L 78.59 199.01   A 0.55 0.55 0.0 0 0 78.04 199.56   L 78.04 287.21   A 0.55 0.55 0.0 0 0 78.59 287.76   L 125.98 287.76"/>
<path stroke="#9aaa84" vector-effect="non-scaling-stroke" d="   M 193.05 471.81   Q 194.04 472.36 195.19 472.53   Q 203.54 473.76 213.37 474.25"/>
<path stroke="#c9dd89" vector-effect="non-scaling-stroke" d="   M 213.37 474.25   L 231.46 474.05"/>
<path stroke="#9aaa84" vector-effect="non-scaling-stroke" d="   M 231.46 474.05   L 238.72 473.62"/>
<path stroke="#c9dd89" vector-effect="non-scaling-stroke" d="   M 238.72 473.62   Q 289.61 468.29 328.27 437.26   C 362.60 409.71 385.69 370.08 391.35 325.86   Q 392.76 314.80 392.96 303.74   A 0.72 0.72 0.0 0 0 392.24 303.01   L 50.74 303.01   A 0.55 0.55 0.0 0 0 50.19 303.52   Q 50.02 305.28 50.06 307.00   C 51.36 354.47 71.23 398.11 106.23 430.02   Q 141.41 462.11 190.67 471.90   Q 191.57 472.08 193.05 471.81"/>
<path stroke="#64880e" vector-effect="non-scaling-stroke" d="   M 238.72 473.62   Q 250.54 467.56 256.98 457.26   Q 270.78 435.18 269.69 408.88   Q 269.06 393.65 265.64 378.31   A 0.37 0.37 0.0 0 0 264.94 378.23   C 259.27 389.86 251.33 401.73 239.87 408.08   A 0.79 0.79 0.0 0 1 238.79 407.78   Q 227.39 387.32 208.52 373.99   Q 193.59 363.45 178.43 356.25   A 0.28 0.28 0.0 0 1 178.56 355.72   L 194.06 355.72   A 0.73 0.72 -90.0 0 0 194.78 354.99   L 194.78 348.44   A 0.69 0.68 -90.0 0 0 194.10 347.75   L 182.38 347.75   A 0.66 0.65 0.0 0 1 181.72 347.10   L 181.72 338.11   A 0.62 0.62 0.0 0 1 182.34 337.49   L 193.85 337.49   A 0.91 0.91 0.0 0 0 194.76 336.58   L 194.76 330.82   A 1.00 1.00 0.0 0 0 193.76 329.82   L 182.79 329.82   A 1.09 1.09 0.0 0 1 181.70 328.73   L 181.70 323.61   A 0.87 0.87 0.0 0 1 182.57 322.74   L 194.15 322.74   A 0.54 0.54 0.0 0 0 194.69 322.20   L 194.69 315.44   A 0.67 0.67 0.0 0 0 194.02 314.77   L 175.13 314.77   A 0.61 0.61 0.0 0 0 174.52 315.38   L 174.52 354.87   A 0.90 0.88 -59.8 0 0 174.63 355.30   Q 183.45 371.76 185.55 389.49   C 187.04 402.00 181.58 413.46 179.87 426.26   Q 178.03 439.96 182.23 454.54   Q 185.10 464.48 192.75 471.01   Q 192.94 471.17 193.05 471.81"/>
<path stroke="#64880e" vector-effect="non-scaling-stroke" d="   M 231.46 474.05   Q 222.54 462.05 220.89 450.61   Q 219.80 443.12 218.50 429.47   Q 217.05 414.17 209.96 399.06   Q 199.05 375.84 179.13 358.03   A 0.08 0.08 0.0 0 0 179.03 358.03   L 178.84 358.22   A 0.33 0.33 0.0 0 0 178.83 358.67   C 195.92 378.83 208.16 404.46 207.39 430.50   Q 207.09 440.91 207.48 448.99   Q 208.11 461.96 213.37 474.25"/>
<path stroke="#779a09" vector-effect="non-scaling-stroke" d="   M 437.33 236.23   L 432.28 236.32   A 2.25 2.24 -11.6 0 1 430.16 234.93   C 422.17 215.45 421.85 194.21 426.72 173.71   Q 430.57 157.52 432.98 143.26   Q 436.12 124.72 434.25 105.24   Q 429.81 59.09 408.03 19.73   Q 407.44 18.65 402.32 10.60   A 0.07 0.07 0.0 0 0 402.24 10.58   L 402.01 10.69   A 0.32 0.31 -25.7 0 0 401.86 11.10   Q 422.69 58.17 419.88 110.37   C 419.11 124.67 415.68 137.40 410.97 151.23   Q 410.24 153.37 403.49 173.91   Q 398.67 188.56 397.98 207.25   Q 397.60 217.47 399.78 228.70"/>
<path stroke="#dbeac4" vector-effect="non-scaling-stroke" d="   M 317.2353 213.4265   A 30.00 29.06 -91.9 0 0 289.1860 244.3735   A 30.00 29.06 -91.9 0 0 319.2247 273.3935   A 30.00 29.06 -91.9 0 0 347.2740 242.4465   A 30.00 29.06 -91.9 0 0 317.2353 213.4265"/>
<path stroke="#64880e" vector-effect="non-scaling-stroke" d="   M 99.94 322.38   A 0.78 0.78 0.0 0 0 100.72 321.60   L 100.72 315.57   A 0.78 0.78 0.0 0 0 99.94 314.79   L 83.05 314.79   A 0.78 0.78 0.0 0 0 82.27 315.57   L 82.27 354.98   A 0.78 0.78 0.0 0 0 83.05 355.76   L 88.69 355.76   A 0.78 0.78 0.0 0 0 89.47 354.98   L 89.47 338.25   A 0.78 0.78 0.0 0 1 90.25 337.47   L 100.00 337.47   A 0.78 0.78 0.0 0 0 100.78 336.69   L 100.78 330.61   A 0.78 0.78 0.0 0 0 100.00 329.83   L 90.25 329.83   A 0.78 0.78 0.0 0 1 89.47 329.05   L 89.47 323.16   A 0.78 0.78 0.0 0 1 90.25 322.38   L 99.94 322.38"/>
<path stroke="#64880e" vector-effect="non-scaling-stroke" d="   M 122.28 338.80   A 0.27 0.27 0.0 0 1 122.79 338.68   L 130.91 355.55   A 0.34 0.32 -12.7 0 0 131.21 355.73   L 138.72 355.73   A 0.15 0.15 0.0 0 0 138.85 355.52   L 130.52 338.22   A 0.57 0.56 63.4 0 1 130.76 337.48   Q 136.92 334.16 137.03 327.98   Q 137.16 320.97 133.97 317.78   A 4.98 4.79 -4.9 0 0 133.18 317.14   C 128.70 314.19 121.76 314.60 116.12 314.77   A 0.87 0.86 -1.0 0 0 115.28 315.63   L 115.28 355.14   A 0.62 0.62 0.0 0 0 115.90 355.76   L 121.65 355.76   A 0.63 0.62 0.0 0 0 122.28 355.14   L 122.28 338.80"/>
<path stroke="#64880e" vector-effect="non-scaling-stroke" d="   M 158.73 315.21   A 0.45 0.45 0.0 0 0 158.28 314.76   L 152.22 314.76   A 0.45 0.45 0.0 0 0 151.77 315.21   L 151.77 355.33   A 0.45 0.45 0.0 0 0 152.22 355.78   L 158.28 355.78   A 0.45 0.45 0.0 0 0 158.73 355.33   L 158.73 315.21"/>
<path stroke="#64880e" vector-effect="non-scaling-stroke" d="   M 220.66 337.10   Q 221.42 338.38 231.42 355.43   A 0.73 0.72 74.4 0 0 232.04 355.79   L 237.88 355.79   A 0.62 0.61 0.0 0 0 238.50 355.18   L 238.50 315.24   A 0.43 0.43 0.0 0 0 238.07 314.81   L 231.66 314.81   A 0.42 0.41 -90.0 0 0 231.25 315.23   L 231.25 340.32   A 0.16 0.16 0.0 0 1 230.95 340.40   Q 228.92 337.05 226.83 333.51   Q 226.07 332.22 216.07 315.17   A 0.73 0.72 74.4 0 0 215.45 314.82   L 209.61 314.82   A 0.62 0.61 0.0 0 0 208.99 315.43   L 208.99 355.37   A 0.43 0.43 0.0 0 0 209.42 355.80   L 215.83 355.80   A 0.42 0.41 -90.0 0 0 216.24 355.38   L 216.24 330.29   A 0.16 0.16 0.0 0 1 216.54 330.21   Q 218.57 333.56 220.66 337.10"/>
<path stroke="#64880e" vector-effect="non-scaling-stroke" d="   M 254.55 315.34   L 254.49 355.40   A 0.46 0.46 0.0 0 0 254.94 355.87   L 266.89 355.89   A 18.20 16.77 -89.9 0 0 283.70 337.72   L 283.70 333.14   A 18.20 16.77 -89.9 0 0 266.97 314.91   L 255.02 314.89   A 0.46 0.46 0.0 0 0 254.55 315.34"/>
<path stroke="#64880e" vector-effect="non-scaling-stroke" d="   M 305.90 348.00   A 0.43 0.43 0.0 0 1 305.47 347.57   L 305.47 315.20   A 0.43 0.43 0.0 0 0 305.04 314.77   L 298.69 314.77   A 0.43 0.43 0.0 0 0 298.26 315.20   L 298.26 355.31   A 0.43 0.43 0.0 0 0 298.69 355.74   L 315.06 355.74   A 0.43 0.43 0.0 0 0 315.49 355.31   L 315.49 348.43   A 0.43 0.43 0.0 0 0 315.06 348.00   L 305.90 348.00"/>
<path stroke="#64880e" vector-effect="non-scaling-stroke" d="   M 340.38 355.74   Q 343.01 355.75 343.42 355.70   A 0.67 0.67 0.0 0 0 344.02 355.04   L 344.02 338.95   A 3.77 3.70 57.8 0 1 344.36 337.39   L 354.82 315.01   A 0.16 0.15 -77.7 0 0 354.68 314.79   L 347.45 314.79   A 0.40 0.40 0.0 0 0 347.09 315.01   Q 343.83 321.82 340.74 328.53   Q 340.66 328.69 340.41 328.69   Q 340.17 328.69 340.09 328.53   Q 337.01 321.81 333.77 314.99   A 0.40 0.40 0.0 0 0 333.41 314.77   L 326.18 314.76   A 0.16 0.15 77.8 0 0 326.04 314.98   L 336.45 337.38   A 3.77 3.70 -57.6 0 1 336.78 338.94   L 336.74 355.03   A 0.67 0.67 0.0 0 0 337.34 355.70   Q 337.75 355.74 340.38 355.74"/>
<path stroke="#64880e" vector-effect="non-scaling-stroke" d="   M 122.33 322.81   L 122.27 330.53   A 0.23 0.23 0.0 0 0 122.50 330.76   L 125.46 330.79   A 4.51 3.69 0.4 0 0 130.00 327.13   L 130.00 326.33   A 4.51 3.69 0.4 0 0 125.52 322.61   L 122.56 322.58   A 0.23 0.23 0.0 0 0 122.33 322.81"/>
<path stroke="#64880e" vector-effect="non-scaling-stroke" d="   M 261.74 323.22   L 261.74 347.52   A 0.60 0.60 0.0 0 0 262.34 348.12   L 265.87 348.12   A 10.93 10.61 90.0 0 0 276.48 337.19   L 276.48 333.55   A 10.93 10.61 -90.0 0 0 265.87 322.62   L 262.34 322.62   A 0.60 0.60 0.0 0 0 261.74 323.22"/>
</g>
<path fill="#ffffff" d="   M 540.00 0.00   L 540.00 606.00   L 0.00 606.00   L 0.00 313.60   Q 2.87 368.28 29.33 414.15   C 57.80 463.52 103.79 500.52 158.08 517.14   C 255.84 547.08 361.38 506.98 414.65 419.80   C 448.27 364.76 456.59 298.50 437.33 236.23   Q 441.46 235.75 445.74 235.17   Q 459.43 233.32 470.69 226.22   C 489.79 214.17 505.85 194.51 516.25 174.64   Q 523.56 160.66 528.68 141.00   Q 535.12 116.24 537.19 90.93   A 0.33 0.32 68.9 0 0 536.63 90.68   Q 529.25 98.47 522.26 104.49   C 509.58 115.42 493.55 125.79 477.22 127.95   A 0.45 0.44 -9.1 0 1 476.73 127.60   Q 472.49 106.47 464.04 87.59   Q 456.26 70.20 442.26 51.78   Q 422.36 25.62 398.13 3.60   A 0.34 0.34 0.0 0 0 397.57 3.91   Q 402.33 29.92 399.57 55.74   Q 397.73 72.90 390.12 88.11   C 381.91 104.51 373.78 114.49 367.62 128.04   Q 359.35 146.23 357.76 167.63   Q 356.37 186.31 361.92 199.49   C 369.09 216.54 383.42 228.26 400.35 235.18   A 0.33 0.33 0.0 0 0 400.80 234.82   L 399.78 228.70   C 446.68 340.47 379.52 466.56 261.24 490.52   C 154.75 512.09 51.47 439.30 34.85 332.47   Q 28.67 292.78 39.07 253.82   C 52.82 202.34 88.38 158.00 135.45 133.71   Q 199.87 100.46 272.03 118.11   Q 279.78 120.01 282.15 119.72   C 295.92 118.10 301.59 101.19 291.53 91.38   Q 288.36 88.28 277.30 85.66   Q 238.06 76.37 199.13 80.63   C 142.89 86.77 90.14 114.69 53.64 157.63   Q 4.25 215.72 0.00 293.08   L 0.00 0.00   L 540.00 0.00   Z   M 157.01 243.29   C 156.96 260.78 164.28 274.76 179.19 283.52   Q 188.20 288.82 198.81 289.71   Q 224.87 291.92 242.38 272.74   A 0.33 0.32 44.3 0 0 242.37 272.30   L 231.22 261.16   A 0.50 0.49 -43.8 0 0 230.52 261.15   C 224.24 266.99 218.46 271.29 210.26 272.95   C 191.20 276.82 173.93 263.10 173.99 243.34   C 174.05 223.57 191.40 209.96 210.44 213.94   C 218.63 215.65 224.38 219.98 230.63 225.86   A 0.50 0.49 44.1 0 0 231.33 225.86   L 242.54 214.78   A 0.33 0.32 -44.0 0 0 242.56 214.34   Q 225.16 195.06 199.09 197.11   Q 188.47 197.94 179.43 203.18   C 164.47 211.86 157.06 225.79 157.01 243.29   Z   M 315.5116 196.7722   A 46.68 46.19 -93.4 0 0 272.1713 246.1094   A 46.68 46.19 -93.4 0 0 321.0484 289.9678   A 46.68 46.19 -93.4 0 0 364.3887 240.6306   A 46.68 46.19 -93.4 0 0 315.5116 196.7722   Z   M 125.98 287.76   A 0.55 0.55 0.0 0 0 126.53 287.21   L 126.53 271.30   A 0.55 0.55 0.0 0 0 125.98 270.75   L 95.52 270.75   A 0.55 0.55 0.0 0 1 94.97 270.20   L 94.97 248.31   A 0.55 0.55 0.0 0 1 95.52 247.76   L 125.97 247.76   A 0.55 0.55 0.0 0 0 126.52 247.21   L 126.52 232.06   A 0.55 0.55 0.0 0 0 125.97 231.51   L 95.52 231.51   A 0.55 0.55 0.0 0 1 94.97 230.96   L 94.97 216.31   A 0.55 0.55 0.0 0 1 95.52 215.76   L 125.97 215.76   A 0.55 0.55 0.0 0 0 126.52 215.21   L 126.52 199.56   A 0.55 0.55 0.0 0 0 125.97 199.01   L 78.59 199.01   A 0.55 0.55 0.0 0 0 78.04 199.56   L 78.04 287.21   A 0.55 0.55 0.0 0 0 78.59 287.76   L 125.98 287.76   Z   M 193.05 471.81   Q 194.04 472.36 195.19 472.53   Q 203.54 473.76 213.37 474.25   L 231.46 474.05   L 238.72 473.62   Q 289.61 468.29 328.27 437.26   C 362.60 409.71 385.69 370.08 391.35 325.86   Q 392.76 314.80 392.96 303.74   A 0.72 0.72 0.0 0 0 392.24 303.01   L 50.74 303.01   A 0.55 0.55 0.0 0 0 50.19 303.52   Q 50.02 305.28 50.06 307.00   C 51.36 354.47 71.23 398.11 106.23 430.02   Q 141.41 462.11 190.67 471.90   Q 191.57 472.08 193.05 471.81   Z" data-cmyk="0,0,0,0"/>
<path fill="#808000" d="   M 437.33 236.23   L 432.28 236.32   A 2.25 2.24 -11.6 0 1 430.16 234.93   C 422.17 215.45 421.85 194.21 426.72 173.71   Q 430.57 157.52 432.98 143.26   Q 436.12 124.72 434.25 105.24   Q 429.81 59.09 408.03 19.73   Q 407.44 18.65 402.32 10.60   A 0.07 0.07 0.0 0 0 402.24 10.58   L 402.01 10.69   A 0.32 0.31 -25.7 0 0 401.86 11.10   Q 422.69 58.17 419.88 110.37   C 419.11 124.67 415.68 137.40 410.97 151.23   Q 410.24 153.37 403.49 173.91   Q 398.67 188.56 397.98 207.25   Q 397.60 217.47 399.78 228.70   L 400.80 234.82   A 0.33 0.33 0.0 0 1 400.35 235.18   C 383.42 228.26 369.09 216.54 361.92 199.49   Q 356.37 186.31 357.76 167.63   Q 359.35 146.23 367.62 128.04   C 373.78 114.49 381.91 104.51 390.12 88.11   Q 397.73 72.90 399.57 55.74   Q 402.33 29.92 397.57 3.91   A 0.34 0.34 0.0 0 1 398.13 3.60   Q 422.36 25.62 442.26 51.78   Q 456.26 70.20 464.04 87.59   Q 472.49 106.47 476.73 127.60   A 0.45 0.44 -9.1 0 0 477.22 127.95   C 493.55 125.79 509.58 115.42 522.26 104.49   Q 529.25 98.47 536.63 90.68   A 0.33 0.32 68.9 0 1 537.19 90.93   Q 535.12 116.24 528.68 141.00   Q 523.56 160.66 516.25 174.64   C 505.85 194.51 489.79 214.17 470.69 226.22   Q 459.43 233.32 445.74 235.17   Q 441.46 235.75 437.33 236.23   Z" data-cmyk="0,0,100,50"/>
<path fill="#5f8511" d="   M 437.33 236.23   C 456.59 298.50 448.27 364.76 414.65 419.80   C 361.38 506.98 255.84 547.08 158.08 517.14   C 103.79 500.52 57.80 463.52 29.33 414.15   Q 2.87 368.28 0.00 313.60   L 0.00 293.08   Q 4.25 215.72 53.64 157.63   C 90.14 114.69 142.89 86.77 199.13 80.63   Q 238.06 76.37 277.30 85.66   Q 288.36 88.28 291.53 91.38   C 301.59 101.19 295.92 118.10 282.15 119.72   Q 279.78 120.01 272.03 118.11   Q 199.87 100.46 135.45 133.71   C 88.38 158.00 52.82 202.34 39.07 253.82   Q 28.67 292.78 34.85 332.47   C 51.47 439.30 154.75 512.09 261.24 490.52   C 379.52 466.56 446.68 340.47 399.78 228.70   Q 397.60 217.47 397.98 207.25   Q 398.67 188.56 403.49 173.91   Q 410.24 153.37 410.97 151.23   C 415.68 137.40 419.11 124.67 419.88 110.37   Q 422.69 58.17 401.86 11.10   A 0.32 0.31 -25.7 0 1 402.01 10.69   L 402.24 10.58   A 0.07 0.07 0.0 0 1 402.32 10.60   Q 407.44 18.65 408.03 19.73   Q 429.81 59.09 434.25 105.24   Q 436.12 124.72 432.98 143.26   Q 430.57 157.52 426.72 173.71   C 421.85 194.21 422.17 215.45 430.16 234.93   A 2.25 2.24 -11.6 0 0 432.28 236.32   L 437.33 236.23   Z" data-cmyk="29,0,87,48"/>
<path fill="#b6d589" d="   M 173.99 243.34   C 173.93 263.10 191.20 276.82 210.26 272.95   C 218.46 271.29 224.24 266.99 230.52 261.15   A 0.50 0.49 -43.8 0 1 231.22 261.16   L 242.37 272.30   A 0.33 0.32 44.3 0 1 242.38 272.74   Q 224.87 291.92 198.81 289.71   Q 188.20 288.82 179.19 283.52   C 164.28 274.76 156.96 260.78 157.01 243.29   C 157.06 225.79 164.47 211.86 179.43 203.18   Q 188.47 197.94 199.09 197.11   Q 225.16 195.06 242.56 214.34   A 0.33 0.32 -44.0 0 1 242.54 214.78   L 231.33 225.86   A 0.50 0.49 44.1 0 1 230.63 225.86   C 224.38 219.98 218.63 215.65 210.44 213.94   C 191.40 209.96 174.05 223.57 173.99 243.34   Z" data-cmyk="15,0,36,16"/>
<path fill="#b6d589" d="   M 315.5116 196.7722   A 46.68 46.19 -93.4 0 1 364.3887 240.6306   A 46.68 46.19 -93.4 0 1 321.0484 289.9678   A 46.68 46.19 -93.4 0 1 272.1713 246.1094   A 46.68 46.19 -93.4 0 1 315.5116 196.7722   Z   M 317.2353 213.4265   A 30.00 29.06 -91.9 0 0 289.1860 244.3735   A 30.00 29.06 -91.9 0 0 319.2247 273.3935   A 30.00 29.06 -91.9 0 0 347.2740 242.4465   A 30.00 29.06 -91.9 0 0 317.2353 213.4265   Z" data-cmyk="15,0,36,16"/>
<path fill="#b6d589" d="   M 125.98 287.76   L 78.59 287.76   A 0.55 0.55 0.0 0 1 78.04 287.21   L 78.04 199.56   A 0.55 0.55 0.0 0 1 78.59 199.01   L 125.97 199.01   A 0.55 0.55 0.0 0 1 126.52 199.56   L 126.52 215.21   A 0.55 0.55 0.0 0 1 125.97 215.76   L 95.52 215.76   A 0.55 0.55 0.0 0 0 94.97 216.31   L 94.97 230.96   A 0.55 0.55 0.0 0 0 95.52 231.51   L 125.97 231.51   A 0.55 0.55 0.0 0 1 126.52 232.06   L 126.52 247.21   A 0.55 0.55 0.0 0 1 125.97 247.76   L 95.52 247.76   A 0.55 0.55 0.0 0 0 94.97 248.31   L 94.97 270.20   A 0.55 0.55 0.0 0 0 95.52 270.75   L 125.98 270.75   A 0.55 0.55 0.0 0 1 126.53 271.30   L 126.53 287.21   A 0.55 0.55 0.0 0 1 125.98 287.76   Z" data-cmyk="15,0,36,16"/>
<ellipse fill="#ffffff" cx="0.00" cy="0.00" transform="translate(318.23,243.41) rotate(-91.9)" rx="30.00" ry="29.06" data-cmyk="0,0,0,0"/>
<path fill="#00ba13" d="   M 238.72 473.62   Q 250.54 467.56 256.98 457.26   Q 270.78 435.18 269.69 408.88   Q 269.06 393.65 265.64 378.31   A 0.37 0.37 0.0 0 0 264.94 378.23   C 259.27 389.86 251.33 401.73 239.87 408.08   A 0.79 0.79 0.0 0 1 238.79 407.78   Q 227.39 387.32 208.52 373.99   Q 193.59 363.45 178.43 356.25   A 0.28 0.28 0.0 0 1 178.56 355.72   L 194.06 355.72   A 0.73 0.72 -90.0 0 0 194.78 354.99   L 194.78 348.44   A 0.69 0.68 -90.0 0 0 194.10 347.75   L 182.38 347.75   A 0.66 0.65 0.0 0 1 181.72 347.10   L 181.72 338.11   A 0.62 0.62 0.0 0 1 182.34 337.49   L 193.85 337.49   A 0.91 0.91 0.0 0 0 194.76 336.58   L 194.76 330.82   A 1.00 1.00 0.0 0 0 193.76 329.82   L 182.79 329.82   A 1.09 1.09 0.0 0 1 181.70 328.73   L 181.70 323.61   A 0.87 0.87 0.0 0 1 182.57 322.74   L 194.15 322.74   A 0.54 0.54 0.0 0 0 194.69 322.20   L 194.69 315.44   A 0.67 0.67 0.0 0 0 194.02 314.77   L 175.13 314.77   A 0.61 0.61 0.0 0 0 174.52 315.38   L 174.52 354.87   A 0.90 0.88 -59.8 0 0 174.63 355.30   Q 183.45 371.76 185.55 389.49   C 187.04 402.00 181.58 413.46 179.87 426.26   Q 178.03 439.96 182.23 454.54   Q 185.10 464.48 192.75 471.01   Q 192.94 471.17 193.05 471.81   Q 191.57 472.08 190.67 471.90   Q 141.41 462.11 106.23 430.02   C 71.23 398.11 51.36 354.47 50.06 307.00   Q 50.02 305.28 50.19 303.52   A 0.55 0.55 0.0 0 1 50.74 303.01   L 392.24 303.01   A 0.72 0.72 0.0 0 1 392.96 303.74   Q 392.76 314.80 391.35 325.86   C 385.69 370.08 362.60 409.71 328.27 437.26   Q 289.61 468.29 238.72 473.62   Z   M 99.94 322.38   A 0.78 0.78 0.0 0 0 100.72 321.60   L 100.72 315.57   A 0.78 0.78 0.0 0 0 99.94 314.79   L 83.05 314.79   A 0.78 0.78 0.0 0 0 82.27 315.57   L 82.27 354.98   A 0.78 0.78 0.0 0 0 83.05 355.76   L 88.69 355.76   A 0.78 0.78 0.0 0 0 89.47 354.98   L 89.47 338.25   A 0.78 0.78 0.0 0 1 90.25 337.47   L 100.00 337.47   A 0.78 0.78 0.0 0 0 100.78 336.69   L 100.78 330.61   A 0.78 0.78 0.0 0 0 100.00 329.83   L 90.25 329.83   A 0.78 0.78 0.0 0 1 89.47 329.05   L 89.47 323.16   A 0.78 0.78 0.0 0 1 90.25 322.38   L 99.94 322.38   Z   M 122.28 338.80   A 0.27 0.27 0.0 0 1 122.79 338.68   L 130.91 355.55   A 0.34 0.32 -12.7 0 0 131.21 355.73   L 138.72 355.73   A 0.15 0.15 0.0 0 0 138.85 355.52   L 130.52 338.22   A 0.57 0.56 63.4 0 1 130.76 337.48   Q 136.92 334.16 137.03 327.98   Q 137.16 320.97 133.97 317.78   A 4.98 4.79 -4.9 0 0 133.18 317.14   C 128.70 314.19 121.76 314.60 116.12 314.77   A 0.87 0.86 -1.0 0 0 115.28 315.63   L 115.28 355.14   A 0.62 0.62 0.0 0 0 115.90 355.76   L 121.65 355.76   A 0.63 0.62 0.0 0 0 122.28 355.14   L 122.28 338.80   Z   M 158.73 315.21   A 0.45 0.45 0.0 0 0 158.28 314.76   L 152.22 314.76   A 0.45 0.45 0.0 0 0 151.77 315.21   L 151.77 355.33   A 0.45 0.45 0.0 0 0 152.22 355.78   L 158.28 355.78   A 0.45 0.45 0.0 0 0 158.73 355.33   L 158.73 315.21   Z   M 220.66 337.10   Q 221.42 338.38 231.42 355.43   A 0.73 0.72 74.4 0 0 232.04 355.79   L 237.88 355.79   A 0.62 0.61 0.0 0 0 238.50 355.18   L 238.50 315.24   A 0.43 0.43 0.0 0 0 238.07 314.81   L 231.66 314.81   A 0.42 0.41 -90.0 0 0 231.25 315.23   L 231.25 340.32   A 0.16 0.16 0.0 0 1 230.95 340.40   Q 228.92 337.05 226.83 333.51   Q 226.07 332.22 216.07 315.17   A 0.73 0.72 74.4 0 0 215.45 314.82   L 209.61 314.82   A 0.62 0.61 0.0 0 0 208.99 315.43   L 208.99 355.37   A 0.43 0.43 0.0 0 0 209.42 355.80   L 215.83 355.80   A 0.42 0.41 -90.0 0 0 216.24 355.38   L 216.24 330.29   A 0.16 0.16 0.0 0 1 216.54 330.21   Q 218.57 333.56 220.66 337.10   Z   M 254.55 315.34   L 254.49 355.40   A 0.46 0.46 0.0 0 0 254.94 355.87   L 266.89 355.89   A 18.20 16.77 -89.9 0 0 283.70 337.72   L 283.70 333.14   A 18.20 16.77 -89.9 0 0 266.97 314.91   L 255.02 314.89   A 0.46 0.46 0.0 0 0 254.55 315.34   Z   M 305.90 348.00   A 0.43 0.43 0.0 0 1 305.47 347.57   L 305.47 315.20   A 0.43 0.43 0.0 0 0 305.04 314.77   L 298.69 314.77   A 0.43 0.43 0.0 0 0 298.26 315.20   L 298.26 355.31   A 0.43 0.43 0.0 0 0 298.69 355.74   L 315.06 355.74   A 0.43 0.43 0.0 0 0 315.49 355.31   L 315.49 348.43   A 0.43 0.43 0.0 0 0 315.06 348.00   L 305.90 348.00   Z   M 340.38 355.74   Q 343.01 355.75 343.42 355.70   A 0.67 0.67 0.0 0 0 344.02 355.04   L 344.02 338.95   A 3.77 3.70 57.8 0 1 344.36 337.39   L 354.82 315.01   A 0.16 0.15 -77.7 0 0 354.68 314.79   L 347.45 314.79   A 0.40 0.40 0.0 0 0 347.09 315.01   Q 343.83 321.82 340.74 328.53   Q 340.66 328.69 340.41 328.69   Q 340.17 328.69 340.09 328.53   Q 337.01 321.81 333.77 314.99   A 0.40 0.40 0.0 0 0 333.41 314.77   L 326.18 314.76   A 0.16 0.15 77.8 0 0 326.04 314.98   L 336.45 337.38   A 3.77 3.70 -57.6 0 1 336.78 338.94   L 336.74 355.03   A 0.67 0.67 0.0 0 0 337.34 355.70   Q 337.75 355.74 340.38 355.74   Z" data-cmyk="100,0,90,27"/>
<path fill="#ffffff" d="   M 99.94 322.38   L 90.25 322.38   A 0.78 0.78 0.0 0 0 89.47 323.16   L 89.47 329.05   A 0.78 0.78 0.0 0 0 90.25 329.83   L 100.00 329.83   A 0.78 0.78 0.0 0 1 100.78 330.61   L 100.78 336.69   A 0.78 0.78 0.0 0 1 100.00 337.47   L 90.25 337.47   A 0.78 0.78 0.0 0 0 89.47 338.25   L 89.47 354.98   A 0.78 0.78 0.0 0 1 88.69 355.76   L 83.05 355.76   A 0.78 0.78 0.0 0 1 82.27 354.98   L 82.27 315.57   A 0.78 0.78 0.0 0 1 83.05 314.79   L 99.94 314.79   A 0.78 0.78 0.0 0 1 100.72 315.57   L 100.72 321.60   A 0.78 0.78 0.0 0 1 99.94 322.38   Z" data-cmyk="0,0,0,0"/>
<path fill="#ffffff" d="   M 122.28 338.80   L 122.28 355.14   A 0.63 0.62 -0.0 0 1 121.65 355.76   L 115.90 355.76   A 0.62 0.62 0.0 0 1 115.28 355.14   L 115.28 315.63   A 0.87 0.86 -1.0 0 1 116.12 314.77   C 121.76 314.60 128.70 314.19 133.18 317.14   A 4.98 4.79 -4.9 0 1 133.97 317.78   Q 137.16 320.97 137.03 327.98   Q 136.92 334.16 130.76 337.48   A 0.57 0.56 63.4 0 0 130.52 338.22   L 138.85 355.52   A 0.15 0.15 0.0 0 1 138.72 355.73   L 131.21 355.73   A 0.34 0.32 -12.7 0 1 130.91 355.55   L 122.79 338.68   A 0.27 0.27 0.0 0 0 122.28 338.80   Z   M 122.33 322.81   L 122.27 330.53   A 0.23 0.23 0.0 0 0 122.50 330.76   L 125.46 330.79   A 4.51 3.69 0.4 0 0 130.00 327.13   L 130.00 326.33   A 4.51 3.69 0.4 0 0 125.52 322.61   L 122.56 322.58   A 0.23 0.23 0.0 0 0 122.33 322.81   Z" data-cmyk="0,0,0,0"/>
<rect fill="#ffffff" x="151.77" y="314.76" width="6.96" height="41.02" rx="0.45" data-cmyk="0,0,0,0"/>
<path fill="#ffffff" d="   M 238.72 473.62   L 231.46 474.05   Q 222.54 462.05 220.89 450.61   Q 219.80 443.12 218.50 429.47   Q 217.05 414.17 209.96 399.06   Q 199.05 375.84 179.13 358.03   A 0.08 0.08 0.0 0 0 179.03 358.03   L 178.84 358.22   A 0.33 0.33 0.0 0 0 178.83 358.67   C 195.92 378.83 208.16 404.46 207.39 430.50   Q 207.09 440.91 207.48 448.99   Q 208.11 461.96 213.37 474.25   Q 203.54 473.76 195.19 472.53   Q 194.04 472.36 193.05 471.81   Q 192.94 471.17 192.75 471.01   Q 185.10 464.48 182.23 454.54   Q 178.03 439.96 179.87 426.26   C 181.58 413.46 187.04 402.00 185.55 389.49   Q 183.45 371.76 174.63 355.30   A 0.90 0.88 -59.8 0 1 174.52 354.87   L 174.52 315.38   A 0.61 0.61 0.0 0 1 175.13 314.77   L 194.02 314.77   A 0.67 0.67 0.0 0 1 194.69 315.44   L 194.69 322.20   A 0.54 0.54 0.0 0 1 194.15 322.74   L 182.57 322.74   A 0.87 0.87 0.0 0 0 181.70 323.61   L 181.70 328.73   A 1.09 1.09 0.0 0 0 182.79 329.82   L 193.76 329.82   A 1.00 1.00 0.0 0 1 194.76 330.82   L 194.76 336.58   A 0.91 0.91 0.0 0 1 193.85 337.49   L 182.34 337.49   A 0.62 0.62 0.0 0 0 181.72 338.11   L 181.72 347.10   A 0.66 0.65 -0.0 0 0 182.38 347.75   L 194.10 347.75   A 0.69 0.68 -90.0 0 1 194.78 348.44   L 194.78 354.99   A 0.73 0.72 -90.0 0 1 194.06 355.72   L 178.56 355.72   A 0.28 0.28 0.0 0 0 178.43 356.25   Q 193.59 363.45 208.52 373.99   Q 227.39 387.32 238.79 407.78   A 0.79 0.79 0.0 0 0 239.87 408.08   C 251.33 401.73 259.27 389.86 264.94 378.23   A 0.37 0.37 0.0 0 1 265.64 378.31   Q 269.06 393.65 269.69 408.88   Q 270.78 435.18 256.98 457.26   Q 250.54 467.56 238.72 473.62   Z" data-cmyk="0,0,0,0"/>
<path fill="#ffffff" d="   M 220.66 337.10   Q 218.57 333.56 216.54 330.21   A 0.16 0.16 0.0 0 0 216.24 330.29   L 216.24 355.38   A 0.42 0.41 90.0 0 1 215.83 355.80   L 209.42 355.80   A 0.43 0.43 0.0 0 1 208.99 355.37   L 208.99 315.43   A 0.62 0.61 0.0 0 1 209.61 314.82   L 215.45 314.82   A 0.73 0.72 74.4 0 1 216.07 315.17   Q 226.07 332.22 226.83 333.51   Q 228.92 337.05 230.95 340.40   A 0.16 0.16 0.0 0 0 231.25 340.32   L 231.25 315.23   A 0.42 0.41 90.0 0 1 231.66 314.81   L 238.07 314.81   A 0.43 0.43 0.0 0 1 238.50 315.24   L 238.50 355.18   A 0.62 0.61 0.0 0 1 237.88 355.79   L 232.04 355.79   A 0.73 0.72 74.4 0 1 231.42 355.43   Q 221.42 338.38 220.66 337.10   Z" data-cmyk="0,0,0,0"/>
<path fill="#ffffff" d="   M 254.55 315.34   A 0.46 0.46 0.0 0 1 255.02 314.89   L 266.97 314.91   A 18.20 16.77 -89.9 0 1 283.70 333.14   L 283.70 337.72   A 18.20 16.77 -89.9 0 1 266.89 355.89   L 254.94 355.87   A 0.46 0.46 0.0 0 1 254.49 355.40   L 254.55 315.34   Z   M 261.74 323.22   L 261.74 347.52   A 0.60 0.60 0.0 0 0 262.34 348.12   L 265.87 348.12   A 10.93 10.61 90.0 0 0 276.48 337.19   L 276.48 333.55   A 10.93 10.61 -90.0 0 0 265.87 322.62   L 262.34 322.62   A 0.60 0.60 0.0 0 0 261.74 323.22   Z" data-cmyk="0,0,0,0"/>
<path fill="#ffffff" d="   M 305.90 348.00   L 315.06 348.00   A 0.43 0.43 0.0 0 1 315.49 348.43   L 315.49 355.31   A 0.43 0.43 0.0 0 1 315.06 355.74   L 298.69 355.74   A 0.43 0.43 0.0 0 1 298.26 355.31   L 298.26 315.20   A 0.43 0.43 0.0 0 1 298.69 314.77   L 305.04 314.77   A 0.43 0.43 0.0 0 1 305.47 315.20   L 305.47 347.57   A 0.43 0.43 0.0 0 0 305.90 348.00   Z" data-cmyk="0,0,0,0"/>
<path fill="#ffffff" d="   M 340.41 328.69   Q 340.66 328.69 340.74 328.53   Q 343.83 321.82 347.09 315.01   A 0.40 0.40 0.0 0 1 347.45 314.79   L 354.68 314.79   A 0.16 0.15 -77.7 0 1 354.82 315.01   L 344.36 337.39   A 3.77 3.70 57.8 0 0 344.02 338.95   L 344.02 355.04   A 0.67 0.67 0.0 0 1 343.42 355.70   Q 343.01 355.75 340.38 355.74   Q 337.75 355.74 337.34 355.70   A 0.67 0.67 0.0 0 1 336.74 355.03   L 336.78 338.94   A 3.77 3.70 -57.6 0 0 336.45 337.38   L 326.04 314.98   A 0.16 0.15 77.8 0 1 326.18 314.76   L 333.41 314.77   A 0.40 0.40 0.0 0 1 333.77 314.99   Q 337.01 321.81 340.09 328.53   Q 340.17 328.69 340.41 328.69   Z" data-cmyk="0,0,0,0"/>
<path fill="#00ba13" d="   M 122.33 322.81   A 0.23 0.23 0.0 0 1 122.56 322.58   L 125.52 322.61   A 4.51 3.69 0.4 0 1 130.00 326.33   L 130.00 327.13   A 4.51 3.69 0.4 0 1 125.46 330.79   L 122.50 330.76   A 0.23 0.23 0.0 0 1 122.27 330.53   L 122.33 322.81   Z" data-cmyk="100,0,90,27"/>
<path fill="#00ba13" d="   M 261.74 323.22   A 0.60 0.60 0.0 0 1 262.34 322.62   L 265.87 322.62   A 10.93 10.61 -90.0 0 1 276.48 333.55   L 276.48 337.19   A 10.93 10.61 -90.0 0 1 265.87 348.12   L 262.34 348.12   A 0.60 0.60 0.0 0 1 261.74 347.52   L 261.74 323.22   Z" data-cmyk="100,0,90,27"/>
<path fill="#00ba13" d="   M 231.46 474.05   L 213.37 474.25   Q 208.11 461.96 207.48 448.99   Q 207.09 440.91 207.39 430.50   C 208.16 404.46 195.92 378.83 178.83 358.67   A 0.33 0.33 0.0 0 1 178.84 358.22   L 179.03 358.03   A 0.08 0.08 0.0 0 1 179.13 358.03   Q 199.05 375.84 209.96 399.06   Q 217.05 414.17 218.50 429.47   Q 219.80 443.12 220.89 450.61   Q 222.54 462.05 231.46 474.05   Z" data-cmyk="100,0,90,27"/>

                        </g>
                    </svg>